********** mda-dump 1.4.2 generated output **********


Version = 1.4
Scan number = 14
Data rank = 2
Largest scan bounds = 11 x 2000
Regularity = 1
File offset to extra PV's = 90156 bytes


This scan's rank = 2
Number of requested points = 11
Last completed point = 11
Offsets to lower scans = 396, 8556, 16716, 24876, 33036, 41196, 49356, 57516, 65676, 73836, 81996
Scan name = "test:scan2"
Scan time = "Jul 30, 2023 15:09:21.213466"
Number of positioners = 1
Number of detectors = 0
Number of triggers = 1

Positioner Data Set #1
              Positioner: 0
                    Name: IOC:m1.VAL
             Description: motor 1
               Step Mode: LINEAR
                    Unit: degrees
           Readback Name: IOC:m1.RBV
    Readback Description: motor 1
           Readback Unit: degrees

Trigger #1
    Trigger: 0
       Name: test:scan1.EXSC
    Command: 1

Positioner #1 data:
50 51 52 53 54 55 56 57 58 59 60 


1-D Subscan #1
Offset = 396

This scan's rank = 1
Number of requested points = 2000
Last completed point = 2000
Scan name = "test:scan1"
Scan time = "Jul 30, 2023 15:09:31.426405"
Number of positioners = 0
Number of detectors = 1
Number of triggers = 1

Detector Data Set #1
        Detector:  0
            Name: FLIR5:image1:ArrayData
     Description: 
            Unit: 

Trigger #1
    Trigger: 0
       Name: FLIR5:cam5:Acquire
    Command: 1

Detector #1 data:
0 2 1 0 0 0 0 2 0 0 0 1 2 1 1 0 0 0 0 0 0 2 0 0 0 1 3 0 1 1 1 0 1 0 0 0 0 2 1 0 0 0 0 1 0 0 0 1 0 0 1 0 0 1 0 0 0 0 0 0 0 2 3 1 1 0 1 0 0 0 3 0 0 0 1 0 0 0 1 2 0 2 2 0 0 0 0 1 0 0 1 1 1 0 0 1 2 1 0 5 0 2 0 1 0 0 0 0 0 0 1 0 0 2 1 1 0 0 1 0 0 0 0 0 0 1 2 1 1 0 0 0 2 0 1 0 0 1 0 1 1 0 1 1 0 1 0 0 0 0 2 1 0 0 0 1 0 0 0 0 0 0 1 0 0 0 0 7 0 1 2 0 0 1 1 1 0 1 0 0 0 0 1 0 0 1 1 0 1 0 0 0 0 1 0 0 1 0 1 0 2 1 1 0 0 0 2 1 0 0 1 1 1 2 0 1 0 0 1 2 0 0 1 0 2 0 0 0 0 0 1 1 1 1 1 0 0 0 0 1 0 0 1 3 0 0 0 0 1 1 1 1 1 0 1 0 1 0 0 1 1 0 2 3 2 1 0 0 1 0 0 0 0 0 2 1 2 0 2 1 2 0 0 0 2 0 0 0 0 2 0 0 0 0 0 0 1 0 0 0 0 0 0 1 0 0 0 1 0 0 0 1 1 0 1 0 1 1 1 0 0 0 0 0 1 0 1 0 0 1 1 0 0 0 3 0 0 0 1 0 0 1 0 1 1 1 0 1 0 0 0 2 0 0 1 1 0 0 0 1 0 0 1 0 2 0 0 1 0 0 0 0 1 0 1 0 0 0 2 0 0 0 0 0 0 1 0 0 0 0 0 0 0 0 0 0 0 0 0 0 1 0 0 2 0 2 0 1 0 0 1 0 2 0 0 2 2 0 0 0 0 0 0 0 0 0 0 2 0 0 0 0 2 1 0 0 1 0 0 2 0 1 0 0 0 2 0 0 0 2 0 1 0 1 0 0 0 0 0 0 1 1 0 1 0 0 1 2 0 1 1 0 0 0 2 0 0 2 0 0 0 0 0 0 1 0 1 0 0 0 0 0 0 0 0 0 0 2 2 0 0 0 1 0 1 1 0 1 3 0 0 0 2 2 0 1 2 0 0 0 0 1 1 0 1 0 1 0 0 0 2 0 1 0 0 0 0 0 0 0 1 1 0 0 1 0 0 1 0 1 0 1 1 0 1 0 2 0 0 0 0 0 0 2 1 0 0 1 0 1 0 0 0 1 0 0 0 1 1 1 0 0 0 0 1 0 1 0 2 0 0 2 2 1 1 0 1 0 2 1 1 0 0 2 0 0 1 1 1 1 1 0 0 1 0 0 0 1 2 0 1 2 1 0 2 1 0 0 1 1 1 1 0 0 1 0 0 0 0 0 0 1 0 0 2 3 6 0 0 0 0 0 0 0 0 0 0 1 0 0 0 1 0 0 1 0 0 0 0 1 0 0 1 2 0 1 0 1 0 0 0 0 0 1 0 1 0 0 1 0 0 0 1 0 0 0 1 1 1 1 0 0 0 0 1 0 0 0 1 0 2 0 1 0 2 0 0 1 0 2 1 0 0 0 0 1 1 2 2 0 0 0 0 0 0 1 1 0 0 0 1 1 0 0 0 0 0 0 0 0 2 0 1 0 0 0 0 0 1 1 0 1 2 2 0 1 1 0 1 3 0 0 0 1 0 0 2 0 2 1 0 0 1 1 2 0 1 0 0 1 1 1 1 0 0 0 0 1 0 1 0 0 0 0 2 1 0 0 0 0 1 1 0 0 0 1 2 0 0 1 1 0 1 0 0 0 0 1 0 0 1 0 0 0 2 1 0 1 0 4 0 2 0 2 1 0 0 0 0 0 0 1 1 0 1 0 1 0 0 0 0 0 0 0 0 2 0 0 1 2 0 2 2 6 1 1 0 1 0 0 1 0 2 0 0 0 0 0 1 0 0 0 0 1 0 0 2 1 2 0 0 1 0 0 0 0 0 1 0 1 2 0 0 1 0 0 0 0 2 2 1 0 0 0 0 0 0 1 1 0 0 1 1 0 0 3 1 0 2 1 1 1 2 2 1 0 0 1 0 1 0 2 1 1 0 1 1 1 1 2 1 2 0 0 0 1 0 1 0 0 1 2 1 0 1 0 0 0 0 1 1 3 0 0 1 0 0 1 0 2 0 1 0 0 1 1 0 0 2 0 0 0 1 2 0 1 1 1 0 2 2 0 0 0 1 1 0 1 0 0 2 1 0 0 0 1 0 0 0 1 0 0 0 0 2 1 0 1 0 0 0 2 1 1 1 1 0 1 0 1 0 0 1 0 1 0 0 0 1 0 0 0 1 1 0 1 0 0 1 1 0 1 0 0 1 1 3 0 0 2 0 0 0 0 1 0 1 1 0 1 0 0 0 1 0 2 2 1 1 0 2 2 0 0 0 0 0 2 0 0 1 0 0 1 0 2 0 0 0 1 0 1 0 0 0 0 1 1 0 0 1 1 2 0 0 0 0 0 0 1 1 0 1 1 0 2 1 1 1 1 0 0 1 1 0 0 0 2 1 1 0 1 2 0 1 1 0 0 0 1 2 0 1 2 0 0 1 2 0 0 1 0 0 3 2 0 0 1 3 0 3 1 1 1 0 0 0 0 0 0 0 1 0 0 2 2 0 0 1 1 1 0 0 0 1 2 0 0 0 1 0 1 0 0 1 2 2 1 1 0 2 1 2 2 0 0 1 0 0 2 0 1 1 0 2 0 0 1 1 0 0 2 1 0 0 0 0 1 1 0 1 1 2 1 1 2 1 0 0 0 0 0 0 0 1 0 0 0 0 2 0 0 2 0 0 2 2 1 2 1 1 4 1 1 0 0 1 0 0 0 1 0 0 0 1 0 1 0 0 1 0 1 0 0 0 2 1 0 0 0 0 1 2 2 0 0 2 0 3 0 1 0 0 0 1 1 1 0 1 1 0 0 2 0 1 2 0 0 0 2 2 0 0 1 0 1 1 0 0 0 0 2 0 1 0 1 0 0 0 0 1 0 2 1 0 2 0 0 2 0 0 1 0 0 0 0 1 0 0 0 1 0 2 2 1 1 1 0 2 1 2 0 0 2 0 1 1 1 2 0 1 0 0 0 0 0 0 1 0 1 1 1 0 0 0 0 1 3 0 0 0 0 0 1 2 1 1 0 0 1 2 1 2 1 2 0 0 0 0 0 0 2 1 1 0 2 0 0 1 0 1 1 0 0 2 0 0 0 1 2 1 2 1 0 2 0 0 0 2 0 0 0 0 0 1 1 1 0 4 1 0 1 0 0 0 0 0 1 0 1 0 2 0 1 0 0 2 1 0 1 0 1 2 1 0 0 2 0 1 1 0 1 0 0 1 0 0 1 0 0 1 0 0 5 1 1 1 1 0 0 2 0 0 0 0 0 2 1 0 1 1 0 0 0 0 1 2 0 0 0 0 0 0 1 0 0 1 2 0 1 2 0 1 1 1 0 0 1 0 1 0 1 0 0 0 0 1 0 2 0 2 1 0 0 1 0 0 0 1 0 0 0 1 0 1 1 0 1 1 1 0 1 1 0 1 0 2 2 0 0 0 3 1 1 0 0 0 0 3 0 0 1 1 3 1 0 2 1 0 2 0 1 0 1 0 0 0 1 0 2 1 1 0 0 1 1 0 0 1 0 0 0 0 0 1 1 1 1 1 0 0 2 1 0 0 0 3 1 1 1 1 0 0 0 1 1 1 2 0 0 1 0 1 1 0 0 1 0 1 0 0 0 0 0 1 0 1 1 1 0 0 0 0 0 1 1 0 0 0 0 0 0 0 1 1 0 1 0 1 0 0 0 0 1 0 0 0 0 0 2 0 0 0 0 0 2 0 0 1 0 1 1 1 0 1 0 0 0 0 0 1 0 0 0 1 1 0 0 0 0 0 0 0 0 1 0 1 2 0 0 0 0 0 0 0 0 1 1 0 1 0 0 0 0 1 1 1 0 0 0 0 0 0 0 3 0 0 1 1 1 0 0 0 0 2 1 3 1 1 0 0 2 0 0 0 0 1 3 1 2 0 0 0 0 0 0 0 2 1 0 0 2 0 0 1 1 2 0 1 1 1 0 1 0 0 0 0 0 2 0 2 0 0 2 1 0 1 2 0 0 1 1 1 0 0 0 0 0 1 1 1 2 0 0 1 0 1 0 2 0 0 1 0 2 2 0 0 6 1 0 1 0 0 2 1 0 2 1 0 0 0 0 1 2 2 1 2 2 0 0 2 0 0 1 0 2 0 0 0 1 0 0 1 0 2 0 3 1 0 1 0 0 0 0 0 2 0 0 2 2 0 0 0 3 3 0 0 0 0 0 0 0 1 0 0 0 0 0 1 0 3 0 0 2 1 0 0 1 1 0 0 0 0 0 0 1 2 1 0 0 0 0 1 0 0 2 1 0 0 0 


1-D Subscan #2
Offset = 8556

This scan's rank = 1
Number of requested points = 2000
Last completed point = 2000
Scan name = "test:scan1"
Scan time = "Jul 30, 2023 15:09:33.128150"
Number of positioners = 0
Number of detectors = 1
Number of triggers = 1

Detector Data Set #1
        Detector:  0
            Name: FLIR5:image1:ArrayData
     Description: 
            Unit: 

Trigger #1
    Trigger: 0
       Name: FLIR5:cam5:Acquire
    Command: 1

Detector #1 data:
0 0 2 1 2 0 0 3 0 3 0 1 0 2 0 3 1 1 1 0 0 3 1 0 2 2 0 0 1 1 0 0 1 0 1 2 3 1 1 0 1 0 0 1 0 0 0 3 1 1 1 1 1 2 1 0 0 1 1 0 0 0 0 1 0 0 0 0 0 0 0 0 0 0 1 0 2 1 0 3 2 2 0 2 0 0 1 1 2 2 1 0 1 2 0 1 1 0 1 3 1 0 2 1 0 0 1 0 1 0 0 0 2 2 1 0 0 2 0 0 1 0 1 2 1 1 1 0 1 0 1 0 2 0 0 0 0 0 1 3 2 0 0 0 0 2 1 0 0 0 1 0 0 0 2 2 0 0 0 1 2 0 0 0 0 2 1 6 0 1 0 0 0 2 2 0 1 0 0 0 1 0 1 2 0 1 2 0 2 0 1 0 2 0 0 0 0 0 0 2 1 1 2 1 0 0 0 0 1 2 1 0 2 0 1 0 0 1 0 0 1 0 0 2 1 0 1 2 0 3 0 2 0 0 0 0 0 2 1 1 2 0 2 2 0 1 0 0 1 1 0 0 1 0 1 0 1 1 1 0 0 0 2 4 0 0 2 0 1 0 0 1 0 0 2 1 0 0 2 1 2 0 1 2 2 0 0 0 2 0 1 1 0 0 0 1 0 0 0 0 0 0 1 2 1 0 0 1 0 2 0 1 1 0 1 0 0 1 0 0 0 1 2 1 0 1 0 0 1 0 1 2 0 0 1 0 1 1 1 1 0 0 0 2 1 0 1 1 2 2 0 1 0 0 1 0 0 0 0 0 2 0 1 0 1 0 0 1 2 0 0 2 2 0 1 0 0 0 1 0 2 0 2 1 0 2 0 0 0 1 0 0 0 2 1 2 0 1 0 1 1 2 1 1 0 0 2 1 0 2 1 1 0 0 1 0 0 0 1 0 1 0 1 1 0 0 0 0 0 0 0 0 1 1 0 1 2 0 1 0 2 0 0 1 0 0 1 0 0 2 1 0 0 1 0 1 1 0 1 2 0 0 0 0 0 1 0 0 1 0 1 2 0 0 0 0 0 1 0 1 0 0 1 1 0 5 2 0 1 2 0 2 2 0 0 0 2 2 1 0 1 0 0 2 1 0 0 1 0 0 1 0 1 2 2 2 0 2 1 2 0 2 0 0 3 0 1 2 0 2 0 0 0 0 1 0 0 1 1 0 2 0 0 0 0 1 0 0 1 0 2 0 0 1 1 2 0 2 0 1 0 0 1 0 1 1 1 1 0 1 2 1 2 0 1 1 0 0 0 2 0 0 1 0 1 2 0 1 0 1 1 0 0 0 0 0 0 0 0 1 1 1 0 2 0 0 0 0 1 2 1 1 1 0 0 0 0 0 3 1 0 1 1 2 2 0 1 1 0 0 0 0 3 0 0 2 0 0 0 1 0 0 0 0 0 0 6 2 0 0 1 1 0 0 2 0 2 0 0 1 1 0 0 0 2 0 0 0 0 0 1 0 1 1 0 2 0 0 0 2 3 0 1 2 0 0 2 1 0 1 1 0 0 1 0 0 2 0 1 0 1 0 1 1 2 0 0 2 0 0 2 0 1 0 0 1 0 0 1 1 3 0 1 0 0 1 2 0 0 0 0 0 0 0 1 0 1 0 0 0 1 2 1 1 1 0 2 0 1 1 1 1 2 0 1 0 0 0 0 0 0 3 2 0 2 1 1 1 1 1 1 0 0 2 0 0 1 0 0 1 1 1 2 2 1 0 1 1 0 0 0 1 0 2 1 0 2 0 0 0 1 1 1 2 0 0 2 0 0 1 1 0 0 0 0 2 2 0 0 0 1 1 0 1 0 0 0 1 1 0 0 1 2 1 0 0 0 0 1 0 0 0 0 2 0 0 0 1 0 2 0 0 0 1 1 1 2 0 0 2 0 0 0 2 0 2 1 0 1 0 0 0 0 7 2 1 1 1 0 1 0 1 1 0 0 0 0 0 0 0 0 1 1 1 0 0 3 1 1 2 0 0 0 0 1 1 0 0 1 0 1 0 0 0 2 1 1 0 2 1 0 0 0 0 1 2 1 0 0 1 1 2 1 0 1 1 0 1 1 0 0 2 1 1 2 0 1 2 1 1 0 1 0 2 0 2 0 1 2 1 1 0 0 1 0 0 0 0 2 1 0 1 1 1 1 1 0 2 0 2 1 0 0 2 0 0 2 1 0 1 1 1 0 1 3 0 1 0 1 0 0 0 0 1 1 1 2 3 2 1 1 0 1 2 1 1 0 1 0 2 1 2 1 0 0 2 1 0 0 0 1 0 0 0 1 1 1 3 2 1 0 0 1 1 0 0 0 0 1 1 0 3 1 2 0 2 0 0 1 1 2 2 0 1 0 0 2 1 1 1 1 2 0 1 1 0 2 1 1 3 2 0 2 2 2 2 0 0 1 1 1 3 1 1 0 2 0 2 0 1 1 1 0 1 0 1 1 0 0 2 1 0 0 0 1 0 0 3 0 1 0 0 0 0 1 1 0 3 1 2 1 1 1 0 1 0 1 1 1 2 0 0 0 1 0 2 1 2 0 1 1 0 2 2 2 0 0 1 1 2 0 0 1 1 1 1 1 0 3 0 1 0 1 2 1 2 0 0 0 0 2 1 0 0 1 1 0 0 1 0 1 0 1 1 0 0 0 1 0 1 1 0 0 1 2 0 1 2 1 0 1 0 1 2 1 0 2 3 0 0 0 2 0 3 0 0 0 1 0 0 1 1 2 1 1 0 0 2 2 2 0 2 0 0 1 0 0 0 3 1 0 1 3 1 1 1 2 0 0 0 0 0 2 2 1 0 0 0 1 0 0 0 2 0 0 2 2 1 1 1 1 1 0 2 1 3 0 1 0 1 0 4 0 1 2 3 0 0 2 1 1 1 1 0 1 0 1 1 2 2 2 1 0 0 1 1 1 0 2 1 0 0 1 1 0 0 0 1 1 0 0 0 2 1 2 0 0 0 0 3 0 0 0 0 1 1 0 1 1 1 1 0 0 2 0 2 0 0 0 0 0 2 0 1 1 0 2 2 2 1 3 1 1 1 0 2 1 0 3 2 1 0 0 0 1 1 0 1 1 0 1 1 2 1 0 1 1 1 0 0 0 1 0 2 0 0 0 2 0 0 0 0 0 0 2 0 1 2 0 1 0 0 1 1 0 0 0 0 2 0 0 0 0 0 1 0 0 2 0 1 1 2 1 1 1 1 0 1 1 0 2 1 1 0 0 2 1 0 0 0 1 1 1 0 1 0 0 2 3 1 0 0 2 1 1 0 0 0 2 0 0 1 1 2 0 0 1 0 1 0 0 2 0 2 0 1 1 2 3 2 1 0 1 3 1 0 2 0 0 0 1 0 2 2 0 0 0 0 1 0 1 0 1 0 2 0 0 0 2 1 1 0 0 7 1 0 1 0 0 1 0 0 4 0 0 0 0 1 0 1 1 0 2 0 1 0 1 2 3 1 2 0 0 0 0 1 2 0 3 0 0 2 0 2 1 0 0 1 0 1 2 0 0 1 0 1 0 0 1 0 0 1 1 2 3 0 0 0 1 1 1 1 2 0 2 1 0 2 0 1 0 1 0 0 0 3 1 2 0 0 0 0 0 0 0 1 0 0 1 0 0 1 1 2 0 0 0 1 0 1 1 0 0 0 0 1 1 1 1 1 0 0 1 3 1 0 2 0 0 0 0 0 0 0 0 1 2 0 2 0 0 2 2 1 1 0 1 0 2 1 2 1 1 0 0 1 1 3 1 0 2 1 2 0 0 1 0 1 1 0 0 0 1 0 0 1 0 0 2 0 0 1 0 2 1 0 2 1 1 1 0 0 0 0 2 0 1 0 1 1 0 0 0 1 1 2 0 2 0 2 1 0 2 1 0 1 0 1 0 0 2 1 0 0 0 0 0 2 0 1 0 2 0 1 0 0 1 2 3 0 1 0 0 0 1 0 1 1 2 0 3 0 1 0 1 0 0 1 0 1 1 0 1 2 0 0 2 1 1 0 0 0 0 1 0 0 0 0 2 2 0 2 0 0 0 1 1 0 1 2 0 0 0 0 2 2 0 0 0 1 1 0 0 1 0 0 2 2 0 1 0 0 0 0 0 0 0 0 2 0 2 0 1 2 0 0 1 0 0 0 0 0 1 1 0 1 0 2 0 0 0 1 1 0 0 0 0 0 0 0 1 1 0 0 0 1 0 0 1 0 0 0 1 0 1 0 0 1 1 0 1 2 0 3 0 1 2 0 0 0 0 2 1 0 0 1 0 1 2 0 1 1 0 0 0 0 0 1 0 0 1 1 0 2 1 0 2 1 1 1 0 2 0 0 1 0 0 2 0 0 0 0 0 0 0 2 1 0 1 0 1 0 0 1 3 0 0 0 0 0 0 2 1 0 2 1 0 0 1 0 0 0 1 2 0 1 1 2 0 0 0 0 0 2 1 0 0 0 1 0 


1-D Subscan #3
Offset = 16716

This scan's rank = 1
Number of requested points = 2000
Last completed point = 2000
Scan name = "test:scan1"
Scan time = "Jul 30, 2023 15:09:34.829732"
Number of positioners = 0
Number of detectors = 1
Number of triggers = 1

Detector Data Set #1
        Detector:  0
            Name: FLIR5:image1:ArrayData
     Description: 
            Unit: 

Trigger #1
    Trigger: 0
       Name: FLIR5:cam5:Acquire
    Command: 1

Detector #1 data:
0 1 0 1 0 1 0 1 0 1 1 0 0 0 1 1 1 3 0 1 1 1 2 0 1 1 2 0 1 0 1 1 0 0 0 0 2 1 1 0 0 0 0 1 1 0 0 1 1 0 1 0 0 1 0 1 0 2 0 1 0 2 0 0 0 0 2 0 0 0 0 1 2 0 1 0 2 1 1 0 3 1 1 1 0 0 0 2 0 0 1 1 0 1 0 2 0 1 2 3 1 1 1 0 0 0 0 2 0 0 0 0 1 1 1 0 4 1 1 0 1 0 0 0 0 1 2 0 1 0 0 0 2 1 0 0 0 1 1 2 0 0 0 1 0 0 1 1 0 0 0 0 0 0 0 1 0 1 1 1 1 2 0 0 0 1 1 7 1 1 2 0 0 0 1 0 1 1 0 1 1 1 2 0 0 0 2 0 0 1 1 0 1 0 0 0 0 0 0 0 2 0 0 1 1 0 2 1 2 0 0 0 2 6 0 1 0 0 1 2 1 1 0 0 2 0 1 2 1 1 1 0 0 1 0 0 0 1 2 0 0 1 0 0 2 2 0 0 0 0 0 1 0 0 0 1 0 1 2 1 1 1 0 3 1 0 0 0 3 1 1 0 1 0 1 0 1 0 1 0 2 2 0 1 1 0 1 0 0 2 0 3 1 0 0 0 0 0 0 0 0 1 1 0 1 1 0 0 3 1 0 0 0 1 0 0 1 1 0 1 0 0 2 1 1 1 2 1 0 0 0 1 2 2 0 1 1 1 1 0 0 0 0 1 1 1 0 1 1 2 0 0 1 1 0 1 0 2 0 1 0 0 1 2 1 0 0 2 1 1 0 1 3 0 0 0 1 0 0 0 0 1 2 0 0 1 2 0 1 0 0 1 0 1 0 1 1 0 1 0 0 0 0 1 0 1 0 1 0 1 0 1 1 1 1 2 1 0 1 0 0 0 0 0 0 1 0 1 1 0 0 1 2 0 1 1 0 1 1 0 2 0 0 0 0 2 0 0 0 2 2 0 0 0 1 0 1 3 0 0 0 1 0 1 0 1 1 0 0 0 0 0 0 2 0 0 0 2 0 0 1 0 1 1 0 2 0 0 1 0 2 1 0 1 0 0 0 1 0 0 2 0 0 1 0 1 0 0 2 2 1 0 1 0 1 1 0 1 1 0 0 3 1 0 2 0 2 0 0 2 1 0 0 0 0 1 0 0 2 0 1 1 0 1 0 0 0 0 2 1 0 0 0 0 2 0 0 0 0 0 1 1 2 1 2 1 0 2 0 2 0 0 0 0 0 1 0 1 1 0 0 0 3 0 1 1 1 0 0 0 2 0 2 0 1 1 2 0 1 0 0 0 0 1 0 1 0 1 2 2 1 0 0 0 1 1 0 1 0 2 0 0 1 0 1 0 1 1 1 1 1 1 2 1 1 1 0 0 0 1 0 0 0 0 1 1 1 1 0 1 1 1 0 2 1 2 2 1 2 0 1 0 0 1 1 0 0 1 1 1 0 0 1 0 0 1 0 0 0 2 2 0 6 0 0 0 0 0 2 0 2 1 1 2 0 4 1 1 1 0 1 0 0 1 0 1 0 1 2 0 1 0 2 0 0 0 1 1 1 0 3 1 0 1 0 0 1 0 2 0 0 0 1 0 0 0 0 0 0 0 0 2 0 0 3 0 1 0 0 0 0 0 2 0 1 0 1 1 0 1 0 2 0 1 1 2 1 1 0 1 0 0 0 0 2 0 1 2 1 1 1 0 1 1 1 0 0 1 0 0 0 1 0 0 2 1 0 0 0 0 1 0 0 1 1 0 2 1 0 0 1 0 0 1 0 2 1 0 0 0 2 0 0 1 1 2 0 0 0 0 0 0 2 0 0 1 0 2 0 2 1 1 1 0 1 0 1 0 0 0 0 1 1 0 1 2 0 2 0 1 0 0 1 1 1 0 0 0 1 1 0 1 1 0 0 1 1 2 0 1 0 0 1 1 0 0 0 0 1 1 0 0 1 0 0 0 2 0 1 1 0 0 1 0 0 0 0 2 2 0 3 0 0 1 1 0 2 0 1 0 1 0 0 0 1 0 1 0 1 0 2 1 1 0 1 2 0 2 0 1 0 0 1 1 1 0 1 2 0 0 0 2 0 1 0 3 0 0 0 1 0 1 0 0 1 2 0 0 1 1 1 1 0 0 1 2 0 0 0 1 2 2 0 1 0 0 0 1 2 1 0 0 2 0 1 1 1 1 1 1 2 1 0 1 0 0 0 1 0 0 1 1 0 1 1 0 0 1 0 0 1 1 2 0 0 2 0 0 1 1 0 0 0 0 1 2 1 1 1 1 0 1 2 0 0 1 0 0 1 3 0 1 1 1 0 0 0 0 0 0 2 1 1 1 1 1 2 0 0 1 0 1 0 0 0 1 0 1 0 2 0 0 0 2 1 1 1 0 2 1 0 0 1 1 0 0 0 1 0 1 0 1 0 0 0 1 0 0 1 0 2 0 0 1 0 0 1 1 1 0 1 0 1 0 2 1 1 0 0 1 2 2 2 0 0 1 0 2 1 1 2 1 0 1 1 1 0 1 0 1 0 0 1 0 2 1 0 0 0 0 0 0 1 0 1 1 0 0 1 2 2 0 0 0 0 1 0 1 0 2 0 1 0 2 0 0 1 1 3 0 0 0 2 1 0 0 1 1 1 1 0 0 1 1 2 1 1 1 0 1 0 1 0 0 1 1 2 0 0 0 1 0 0 2 1 2 1 0 1 0 0 0 1 2 0 2 1 1 2 2 0 1 1 0 0 2 0 0 0 3 0 2 2 0 2 1 3 0 1 0 0 1 2 3 0 3 1 0 1 2 3 2 1 1 0 1 0 0 0 3 0 0 1 0 1 3 1 2 0 1 1 4 2 1 0 2 1 0 0 1 0 1 0 2 1 1 0 1 0 0 1 0 2 1 0 1 0 1 2 0 0 0 2 1 2 0 2 0 2 0 2 1 0 1 1 0 0 0 1 2 1 1 1 2 2 1 0 1 2 0 2 1 1 2 2 0 0 0 1 1 0 2 0 2 0 0 0 2 1 0 2 0 1 1 0 2 2 0 0 2 0 1 0 1 1 0 2 2 1 0 0 2 1 2 0 1 0 0 0 1 0 3 0 2 0 0 0 3 0 1 1 1 0 1 2 0 2 2 0 0 2 0 0 3 1 0 1 0 0 0 0 0 0 0 0 0 1 0 0 1 1 1 1 0 0 0 0 1 2 2 0 1 1 0 0 1 2 0 0 0 1 2 1 1 1 0 0 1 1 2 0 0 2 0 0 2 1 0 1 1 0 1 0 0 0 2 0 0 1 1 2 1 0 0 0 0 0 2 0 1 2 0 2 1 1 0 1 3 1 0 0 2 1 0 0 0 1 0 0 1 0 0 2 2 1 0 0 3 0 1 0 0 0 7 3 1 0 1 0 1 1 0 2 0 0 0 0 2 1 0 0 0 0 1 0 0 1 0 2 0 0 1 2 0 2 1 2 2 1 2 1 0 0 0 1 1 1 2 1 1 1 1 1 0 1 1 0 0 1 1 1 0 0 0 2 0 1 2 1 0 0 0 2 0 0 0 0 0 0 0 0 1 0 1 0 1 0 0 1 0 0 0 1 1 0 0 2 0 0 1 1 0 0 2 0 1 0 1 0 0 0 0 0 2 1 0 0 2 1 2 2 2 2 1 0 0 0 1 0 1 1 0 2 0 0 1 0 2 2 0 0 0 0 0 0 0 1 0 0 2 1 0 1 0 0 0 1 1 0 1 0 0 0 2 1 0 3 0 2 0 0 2 1 1 0 1 1 1 2 1 0 0 1 2 1 0 1 1 1 1 3 2 0 2 1 0 1 1 0 0 0 0 1 1 0 0 0 1 0 0 1 2 1 1 1 1 0 1 2 0 2 1 1 0 2 0 0 0 0 1 1 0 0 1 0 1 2 1 2 0 0 0 1 0 0 0 0 0 1 0 1 0 0 0 1 0 1 0 0 0 0 0 2 0 1 0 0 0 1 0 0 1 0 1 1 0 0 1 0 2 0 0 1 0 0 0 1 1 1 1 1 2 1 0 3 1 0 1 0 2 1 0 0 1 0 0 0 2 1 2 1 0 2 0 0 0 1 1 1 0 2 0 2 1 0 0 0 0 0 0 0 0 0 0 0 0 0 2 0 1 2 1 2 0 0 0 0 0 0 2 1 1 0 1 1 2 1 0 2 0 0 0 2 2 0 0 0 2 0 1 0 0 0 1 1 1 2 1 1 0 0 1 2 2 0 2 1 1 1 1 1 0 0 1 0 0 1 0 0 0 2 0 2 0 1 0 1 2 1 1 0 0 0 0 1 1 0 1 0 2 0 0 0 2 1 1 1 1 0 0 0 1 1 1 1 0 0 1 1 0 0 1 1 1 0 0 1 1 2 0 0 0 0 0 0 2 0 2 0 0 1 0 0 0 2 0 1 0 0 0 


1-D Subscan #4
Offset = 24876

This scan's rank = 1
Number of requested points = 2000
Last completed point = 2000
Scan name = "test:scan1"
Scan time = "Jul 30, 2023 15:09:36.531365"
Number of positioners = 0
Number of detectors = 1
Number of triggers = 1

Detector Data Set #1
        Detector:  0
            Name: FLIR5:image1:ArrayData
     Description: 
            Unit: 

Trigger #1
    Trigger: 0
       Name: FLIR5:cam5:Acquire
    Command: 1

Detector #1 data:
0 1 0 0 1 0 0 2 0 0 0 0 1 0 0 1 0 0 0 0 1 0 3 0 1 0 0 0 2 0 2 0 0 0 0 2 1 0 0 0 1 0 0 0 0 0 0 2 0 0 1 1 0 0 0 0 0 0 0 0 0 0 0 0 1 0 2 0 0 0 0 0 0 1 0 0 0 0 0 1 0 0 0 0 0 0 1 1 1 0 0 0 1 0 0 0 1 2 2 6 0 0 0 0 0 0 0 1 1 1 0 0 1 0 0 0 1 0 1 0 0 0 0 0 0 2 0 2 2 0 1 0 1 0 3 0 0 2 2 1 0 0 0 0 0 2 0 0 0 0 1 2 0 0 1 0 0 0 1 0 0 0 0 0 0 1 1 8 0 0 1 0 0 0 2 1 1 0 0 0 1 0 0 1 0 0 1 1 1 3 1 1 0 2 0 0 1 0 2 0 0 2 0 0 1 0 0 0 0 1 1 0 0 1 0 1 0 0 1 0 1 0 0 0 1 1 0 0 1 1 0 0 0 0 0 0 0 0 1 0 1 0 2 0 0 0 0 0 2 0 1 0 2 0 0 1 0 0 0 0 1 0 0 2 1 0 2 0 0 0 0 0 1 1 2 0 0 0 1 1 0 0 1 0 1 0 0 0 0 1 0 0 0 0 0 0 0 0 0 0 0 1 0 0 0 0 0 0 1 1 1 0 0 0 2 0 0 0 0 0 0 0 0 0 0 0 0 0 1 0 2 0 0 1 0 0 0 0 0 0 0 0 0 0 0 1 0 1 0 0 0 0 0 0 0 0 0 1 0 1 0 1 1 1 0 0 0 0 0 0 0 0 1 0 0 0 1 2 1 0 0 0 0 0 0 0 0 1 0 1 0 1 0 0 1 0 0 0 0 1 0 0 0 1 0 0 1 0 0 1 0 1 0 1 1 2 0 0 1 1 1 0 0 0 1 1 0 1 0 0 0 0 1 0 0 1 0 0 0 1 0 1 0 0 0 0 0 0 0 0 1 0 1 0 0 0 1 0 0 0 0 1 0 0 0 0 1 0 0 0 0 0 0 0 1 0 0 0 0 1 2 0 2 2 0 0 0 0 0 0 0 1 1 2 0 0 2 2 0 0 0 0 0 1 0 1 0 0 1 0 0 0 0 1 1 2 0 0 1 1 0 0 0 0 0 0 1 0 0 1 0 1 0 2 0 0 0 0 0 0 1 0 0 0 0 0 0 0 2 0 0 1 0 0 0 2 0 1 1 0 0 0 0 0 0 0 0 2 0 1 0 0 0 0 1 0 0 0 1 0 0 1 2 0 0 1 1 0 1 1 1 1 0 1 2 1 0 0 0 0 0 0 0 1 0 0 4 2 1 1 0 0 1 0 0 2 0 0 0 1 0 0 1 0 0 1 0 1 0 1 1 2 2 0 0 0 0 0 0 0 0 1 1 1 1 0 0 0 1 1 1 1 1 1 0 1 1 0 0 1 1 2 0 1 0 0 0 0 1 0 1 2 1 0 0 1 0 0 0 0 1 0 0 2 0 0 0 1 0 1 0 0 2 1 0 0 0 0 1 1 0 0 0 0 2 1 0 2 0 0 1 0 0 0 0 2 0 0 2 1 0 1 0 0 0 0 0 0 0 1 0 0 0 1 0 0 0 0 0 0 0 2 0 2 1 0 1 0 1 1 0 0 0 2 0 1 0 0 0 0 0 0 1 0 0 0 1 1 0 0 1 0 0 0 1 0 0 0 0 1 1 0 0 0 2 0 1 1 0 0 0 1 1 0 1 2 0 0 0 2 2 0 1 1 1 0 0 0 2 0 0 0 0 0 0 1 0 1 0 1 0 0 0 2 0 0 0 1 2 1 1 1 0 0 1 0 0 0 0 1 1 1 0 2 0 0 0 0 0 1 0 1 1 1 1 0 0 1 0 1 0 1 0 1 0 1 1 1 1 0 0 1 0 0 1 0 0 2 0 1 0 0 0 0 0 0 0 0 1 1 0 1 0 1 0 0 0 0 0 2 0 1 0 1 0 1 0 1 0 0 0 0 0 0 0 0 0 1 2 1 0 0 1 2 1 0 0 0 1 0 0 1 0 0 0 1 0 0 0 0 0 1 2 2 2 1 0 0 0 0 1 3 0 1 0 0 2 1 1 0 1 1 0 0 1 1 0 2 0 0 0 1 0 0 1 1 0 0 2 2 1 2 0 2 0 1 2 0 1 0 0 0 0 0 1 1 0 1 1 2 0 0 0 0 2 1 1 1 0 0 1 0 0 0 1 0 0 2 0 2 0 1 2 0 0 0 0 1 0 0 0 0 0 1 1 0 0 1 0 0 0 0 0 1 0 0 0 0 1 0 0 1 1 1 0 1 0 0 0 1 0 0 1 1 1 0 0 2 2 0 0 1 0 0 0 0 0 2 1 2 2 1 0 2 1 1 0 0 0 0 0 2 0 0 1 1 1 1 2 1 1 0 1 0 0 1 0 0 1 0 3 1 0 1 2 0 1 1 2 0 0 0 0 1 0 1 1 0 0 3 0 2 0 1 1 0 2 1 0 1 2 1 0 2 1 1 0 2 0 0 0 0 1 0 0 0 1 1 0 0 0 0 1 0 2 1 0 0 0 1 1 0 0 0 0 0 0 1 0 2 0 0 1 3 1 1 0 0 1 0 0 0 1 0 0 0 0 0 1 2 1 0 0 0 0 1 0 0 1 2 1 0 1 0 0 2 0 0 0 0 0 0 0 0 0 0 2 1 2 1 0 0 0 2 1 0 0 0 0 0 0 1 0 0 2 0 0 0 1 1 0 2 1 0 0 0 1 2 1 0 1 2 1 3 0 0 0 0 1 0 5 0 1 1 0 0 2 0 1 0 0 0 2 2 2 2 0 3 0 0 1 4 0 0 0 0 2 0 0 0 0 3 0 1 0 0 2 0 0 0 0 0 1 1 0 0 2 0 1 0 2 1 1 0 1 1 1 0 1 0 0 2 0 0 0 0 2 0 2 1 1 0 1 0 0 0 0 1 0 0 2 0 0 2 0 0 0 0 2 0 3 0 0 1 0 0 1 1 1 2 2 0 2 2 0 0 0 0 1 0 0 1 0 0 0 1 0 4 1 0 0 1 1 1 0 2 0 0 1 1 0 0 1 2 0 0 1 2 0 0 0 0 0 0 2 1 1 2 2 0 0 1 2 1 2 0 0 4 1 2 0 0 0 1 0 0 0 0 0 0 0 1 1 0 1 0 0 0 1 2 0 0 0 0 0 0 2 0 0 1 1 0 0 0 1 0 2 0 1 0 0 1 0 0 1 1 2 1 1 0 0 0 0 2 1 0 0 0 4 1 1 1 0 1 0 1 1 1 2 1 2 0 1 0 1 1 0 2 0 0 0 1 2 0 2 0 0 0 0 0 1 1 0 2 0 0 0 2 0 1 1 0 2 7 1 0 2 1 1 0 0 1 1 0 1 3 1 2 0 0 0 0 0 0 0 0 1 0 2 0 0 0 0 0 2 2 2 1 1 1 0 2 0 2 0 0 2 0 0 0 2 1 1 0 0 0 1 0 1 1 1 0 0 0 0 0 0 1 0 0 0 0 3 0 0 0 0 0 2 0 0 1 0 0 0 2 0 2 0 0 0 0 1 1 0 0 0 0 1 0 1 1 2 0 1 0 0 1 1 1 1 2 0 1 0 0 2 1 0 0 1 0 1 0 0 0 0 0 1 0 0 0 0 1 1 0 0 3 0 0 0 3 0 0 0 0 2 0 0 0 0 1 0 0 0 2 0 0 0 0 1 0 0 1 0 1 1 0 0 1 1 0 0 0 1 0 0 0 1 1 0 0 1 0 0 0 0 2 1 0 0 0 0 2 0 2 0 1 2 0 1 0 2 0 0 2 1 2 2 2 2 0 0 0 0 2 0 1 0 0 1 0 0 2 2 0 0 0 0 0 2 1 0 0 1 0 2 0 0 0 0 1 0 2 0 1 1 0 0 0 0 2 1 0 0 0 1 0 0 2 1 0 1 2 0 1 1 0 2 0 0 1 0 2 1 1 0 1 1 0 0 1 1 0 1 0 1 1 0 2 0 1 0 0 1 1 1 1 0 3 0 1 0 0 0 0 0 0 0 1 0 1 1 1 1 2 0 1 0 0 1 0 0 2 0 0 0 0 0 0 2 1 0 0 0 0 1 1 0 1 1 2 0 1 0 0 0 0 0 0 1 0 1 0 2 0 2 0 0 0 0 0 0 2 2 0 1 3 1 0 0 1 1 0 0 0 1 0 0 0 1 0 1 1 0 1 0 0 1 0 1 0 1 0 0 0 0 0 1 0 0 0 0 1 0 2 0 0 0 1 0 0 0 0 1 1 0 1 1 0 0 0 0 0 3 2 0 0 0 0 1 0 0 0 2 0 1 0 0 0 0 1 1 0 0 1 0 0 0 1 0 1 0 1 0 1 0 2 1 0 1 0 0 0 0 0 1 0 1 0 


1-D Subscan #5
Offset = 33036

This scan's rank = 1
Number of requested points = 2000
Last completed point = 2000
Scan name = "test:scan1"
Scan time = "Jul 30, 2023 15:09:38.232626"
Number of positioners = 0
Number of detectors = 1
Number of triggers = 1

Detector Data Set #1
        Detector:  0
            Name: FLIR5:image1:ArrayData
     Description: 
            Unit: 

Trigger #1
    Trigger: 0
       Name: FLIR5:cam5:Acquire
    Command: 1

Detector #1 data:
0 0 0 0 0 0 0 0 0 1 2 0 0 1 0 0 0 0 0 0 0 0 1 0 2 0 0 0 0 0 0 1 0 0 1 0 1 0 1 0 0 0 1 1 0 1 0 0 0 0 0 2 0 1 0 0 0 0 0 1 0 2 1 0 0 0 1 0 0 0 0 0 0 0 0 1 1 1 2 2 0 0 0 0 2 0 1 1 0 2 0 2 0 0 0 2 0 1 2 4 0 0 0 1 0 0 0 1 0 1 0 0 1 0 3 0 0 1 0 0 0 0 0 0 0 0 2 0 3 0 1 0 0 0 0 1 0 0 1 2 1 0 0 1 0 1 0 0 0 0 1 2 0 0 0 1 1 0 0 0 0 0 1 0 0 2 1 9 0 1 0 0 0 2 2 0 0 1 0 1 1 0 0 0 0 2 0 0 0 0 0 0 1 0 0 1 1 0 0 0 0 0 1 0 2 0 0 0 0 0 1 0 2 0 1 1 0 1 0 1 0 0 0 1 0 0 1 1 0 0 1 1 0 0 0 0 0 2 1 0 1 2 0 1 0 1 0 0 0 0 0 1 0 0 1 0 0 0 0 1 2 0 1 0 0 0 0 0 0 0 0 0 2 1 2 1 1 0 1 0 1 0 0 0 0 0 0 0 0 1 0 1 0 0 0 0 0 0 0 0 0 1 0 0 0 0 0 0 0 0 0 0 0 0 0 0 2 0 0 0 2 1 0 1 0 0 0 0 2 0 1 3 0 0 0 0 0 1 1 1 0 1 0 0 1 0 0 0 0 1 0 0 2 0 1 0 0 0 0 0 0 1 0 1 1 0 0 1 0 2 0 0 1 0 0 0 0 0 0 0 0 0 1 0 1 0 0 0 0 0 0 0 0 0 0 0 2 1 0 0 0 0 0 0 0 0 0 0 0 0 0 2 0 0 0 0 1 0 0 0 0 0 1 0 1 0 0 1 0 0 1 1 1 0 2 0 0 0 0 1 1 1 0 0 0 0 0 0 1 1 0 2 2 2 0 0 2 0 0 0 0 0 0 1 0 0 0 0 0 0 0 0 0 0 0 0 1 1 0 0 1 1 0 1 1 0 0 1 0 0 0 0 0 0 0 0 0 0 0 0 0 0 0 0 2 0 0 0 1 0 0 0 1 0 1 0 0 0 0 0 0 0 0 0 1 0 0 1 0 0 0 0 0 1 0 1 0 0 0 0 0 0 0 0 0 0 0 0 0 1 0 0 0 1 2 0 0 2 0 0 0 3 0 0 0 0 0 2 1 1 0 2 0 1 1 0 0 0 0 0 0 0 0 0 0 1 0 0 0 0 0 0 0 0 0 0 0 0 0 1 1 0 0 0 0 0 0 0 1 1 1 1 0 1 0 0 0 0 0 0 1 0 0 1 0 0 0 1 0 0 1 0 1 0 0 0 0 0 0 1 0 0 0 0 1 0 1 1 0 0 0 1 0 0 0 0 0 0 0 0 0 1 0 0 1 0 3 1 0 0 0 0 1 0 0 2 0 1 0 2 1 1 4 1 0 1 1 0 0 0 1 0 1 0 0 0 0 0 0 1 0 0 0 0 0 0 0 2 0 0 1 0 0 0 0 0 0 1 1 0 3 0 0 0 0 0 0 0 1 0 0 1 0 0 0 0 0 0 0 1 1 2 0 2 0 0 0 0 0 0 1 0 0 0 0 1 0 1 0 0 0 0 0 0 0 1 0 0 0 3 0 1 0 0 1 0 0 0 0 2 1 0 0 0 1 1 0 0 0 0 0 0 0 0 0 0 0 0 0 0 0 0 0 1 1 0 0 0 0 0 1 0 0 0 0 1 2 0 0 0 0 0 0 0 0 1 0 0 0 1 0 0 0 0 1 1 0 0 0 0 0 0 1 0 2 0 0 0 0 1 0 0 0 1 1 1 0 0 0 0 0 1 0 1 0 0 0 0 1 0 0 0 0 0 3 0 0 1 0 1 0 0 0 0 0 0 0 0 0 0 1 0 0 0 0 0 1 1 1 2 0 0 0 1 0 0 0 0 1 0 1 1 0 0 0 0 0 0 3 0 0 1 0 0 0 0 0 1 0 0 1 1 1 0 0 1 1 0 1 0 0 0 0 0 0 0 0 0 0 1 0 0 0 0 1 2 0 1 2 0 1 1 0 0 0 0 0 1 0 0 0 2 0 0 0 1 0 1 0 2 0 1 0 0 0 0 0 1 0 0 0 2 2 0 0 1 0 0 1 0 2 0 0 2 0 0 0 0 0 0 0 0 0 0 0 0 0 0 0 2 2 0 1 0 0 2 0 0 0 0 0 0 0 0 1 0 0 0 0 0 0 0 0 0 0 2 0 0 0 0 2 1 1 1 0 0 0 0 0 0 2 2 2 0 1 3 1 1 1 0 0 2 0 1 2 0 0 1 0 0 1 0 0 0 1 0 0 0 0 0 0 0 1 0 0 0 1 0 1 0 0 1 0 0 1 0 0 0 0 0 1 0 0 0 0 0 0 1 0 1 1 0 1 0 0 0 0 0 0 0 2 0 0 1 0 0 0 1 0 0 2 0 0 0 0 0 0 1 1 0 0 0 1 0 0 0 1 0 1 0 1 1 0 0 1 0 0 0 2 0 1 0 0 1 0 0 1 0 0 0 0 2 0 0 0 0 0 0 1 0 1 3 0 1 0 0 0 0 0 0 0 0 0 0 1 1 0 0 0 2 1 0 1 1 0 1 0 0 0 2 0 0 0 0 0 0 1 1 0 0 0 1 2 0 1 0 0 0 0 0 0 0 0 0 0 1 0 0 2 0 0 0 1 2 0 0 2 0 2 0 1 2 0 1 0 0 0 0 1 0 3 0 1 1 1 1 2 0 0 1 1 0 0 1 0 1 0 0 0 1 0 3 0 0 2 1 1 0 0 0 0 0 0 1 1 1 1 0 0 3 1 2 0 0 0 1 0 0 0 0 1 0 0 0 2 0 1 0 1 0 1 0 1 0 0 0 0 1 0 1 1 0 0 0 0 0 1 0 0 0 0 0 0 0 0 0 0 0 0 0 0 0 0 0 0 0 1 2 0 0 0 0 0 0 0 1 1 0 2 0 0 1 0 1 0 0 0 0 3 0 0 1 0 1 0 0 0 0 0 0 0 0 0 0 0 0 0 0 0 2 0 2 0 0 0 1 0 1 0 1 0 1 0 0 0 0 0 0 0 0 0 0 0 0 1 0 1 1 0 0 0 0 0 0 1 0 0 0 0 1 0 1 0 0 0 0 0 0 0 0 1 0 0 0 0 0 0 0 2 0 0 1 1 0 0 1 1 0 0 0 0 0 0 0 0 1 0 0 0 0 0 0 0 0 0 0 1 2 0 2 0 1 0 0 0 0 0 1 0 1 2 0 0 0 0 0 0 0 0 0 0 2 0 0 0 0 1 2 1 0 1 0 0 5 0 0 0 0 0 0 1 1 1 2 1 0 0 0 0 1 0 0 2 0 1 0 1 0 0 0 0 0 0 0 0 1 0 0 0 0 0 0 0 0 0 0 0 0 0 2 0 1 0 0 0 0 0 0 1 1 1 0 0 0 0 0 0 1 0 0 0 0 0 0 0 1 0 0 0 0 0 0 0 0 1 1 0 0 0 0 0 0 1 0 0 0 0 1 0 0 0 0 0 0 0 2 0 1 2 1 0 0 0 0 0 0 0 1 0 0 1 0 0 3 0 0 0 0 0 0 0 0 2 0 3 0 0 0 1 0 1 1 0 0 0 1 0 0 0 0 1 0 1 1 0 1 0 1 0 0 1 0 1 1 0 0 0 0 0 0 0 0 0 0 0 0 0 0 0 0 0 2 1 0 1 1 1 0 0 0 0 1 0 0 0 0 0 1 0 0 0 0 0 0 0 1 0 2 0 1 0 1 0 0 1 2 0 2 0 0 0 0 0 0 0 0 0 0 0 1 1 0 0 1 0 0 0 0 0 0 0 0 0 0 0 0 1 0 2 0 0 0 1 0 0 1 0 0 0 2 0 1 0 1 1 0 1 0 1 0 1 1 0 0 0 0 0 1 0 1 0 0 0 0 0 0 0 0 0 1 0 0 0 0 2 0 0 1 0 1 0 0 0 0 0 0 2 1 0 0 1 0 0 0 1 0 1 0 0 0 1 0 0 1 0 0 0 0 1 0 2 0 0 0 0 1 0 0 0 0 0 0 0 0 4 0 0 0 0 1 0 1 0 0 2 0 0 0 0 0 1 0 0 0 0 1 0 1 0 0 1 0 2 0 1 0 2 0 0 0 0 0 0 1 0 1 0 0 0 0 1 3 0 0 0 0 0 0 0 0 0 0 1 0 0 0 1 0 0 0 0 0 0 0 0 0 0 0 0 0 0 0 0 0 0 0 0 1 1 2 2 0 0 0 0 0 0 0 0 0 2 1 0 0 0 0 0 0 1 0 0 1 1 0 0 0 1 2 0 1 1 0 0 0 1 0 0 0 0 0 


1-D Subscan #6
Offset = 41196

This scan's rank = 1
Number of requested points = 2000
Last completed point = 2000
Scan name = "test:scan1"
Scan time = "Jul 30, 2023 15:09:39.934361"
Number of positioners = 0
Number of detectors = 1
Number of triggers = 1

Detector Data Set #1
        Detector:  0
            Name: FLIR5:image1:ArrayData
     Description: 
            Unit: 

Trigger #1
    Trigger: 0
       Name: FLIR5:cam5:Acquire
    Command: 1

Detector #1 data:
1 0 1 0 0 0 0 0 0 1 0 0 1 0 0 0 2 0 1 0 1 0 0 0 0 1 2 0 1 2 2 0 1 0 0 0 0 0 1 0 0 0 0 2 0 2 0 0 2 1 0 1 0 1 0 0 0 0 1 1 0 0 0 0 1 0 2 0 0 0 0 0 0 0 0 2 0 0 0 3 1 2 1 0 1 1 0 0 0 2 2 0 0 0 0 0 1 0 1 5 2 2 0 1 0 0 1 2 1 1 0 0 0 2 2 0 0 1 0 0 2 2 1 0 0 0 1 0 1 0 0 0 0 0 0 1 0 0 1 1 0 0 0 1 0 1 1 1 0 0 1 2 0 1 1 2 0 1 1 0 0 0 0 0 0 0 1 7 2 1 2 0 1 0 1 0 0 0 0 1 0 1 0 3 0 0 0 0 0 1 0 0 0 1 0 0 0 1 0 0 0 2 3 0 0 0 1 0 1 0 1 0 1 0 1 2 0 1 2 0 0 0 0 1 1 1 0 1 0 2 0 0 0 1 0 0 0 1 2 1 0 1 2 1 0 0 0 0 0 0 0 0 0 0 1 0 0 1 1 1 1 0 2 3 1 0 2 0 0 0 1 0 0 0 0 1 0 0 1 0 1 0 0 2 0 1 1 0 1 1 1 0 0 1 0 0 0 0 1 1 0 0 1 1 0 1 0 0 2 0 1 0 1 1 1 1 1 0 0 0 0 1 0 2 0 0 1 0 0 0 2 2 2 7 0 3 2 1 0 2 0 0 0 0 0 1 0 0 0 1 0 0 1 0 1 0 0 0 0 1 1 0 2 0 1 0 0 0 2 1 0 2 2 0 1 0 1 1 1 1 1 0 2 2 1 0 1 0 0 1 1 0 1 2 1 0 0 1 0 1 0 0 0 1 0 0 0 2 0 1 0 1 0 1 1 1 1 1 2 1 1 1 1 0 0 0 1 0 0 0 2 0 2 1 0 2 0 0 0 0 0 1 0 1 0 0 0 0 0 1 0 0 2 2 0 1 0 0 0 0 0 2 0 0 1 2 0 2 0 1 1 0 1 2 0 1 0 2 0 0 2 2 2 0 1 0 0 0 0 0 1 0 1 0 0 0 1 1 3 0 0 0 1 1 0 0 0 1 1 0 0 0 1 0 0 2 1 2 0 0 0 0 2 0 1 0 2 1 0 1 0 2 0 0 0 0 1 2 0 1 2 0 0 0 0 0 1 1 0 0 1 0 1 0 1 3 3 0 0 1 2 2 0 1 2 0 0 1 0 0 1 2 1 0 0 1 0 2 1 1 1 0 2 0 0 1 0 0 1 0 0 1 2 0 0 0 2 0 2 1 2 1 3 1 0 0 3 1 1 0 1 1 1 1 0 2 0 3 2 2 0 2 0 0 1 1 1 1 3 0 0 1 0 1 1 0 0 1 0 1 1 2 0 1 1 1 0 0 0 1 0 1 0 0 0 0 1 0 0 0 1 2 1 1 2 1 1 0 0 0 1 0 2 1 0 0 0 0 0 2 0 0 3 1 0 0 3 0 0 2 1 0 0 0 1 0 2 4 3 2 0 0 1 2 2 0 0 3 0 0 1 1 3 1 1 0 1 1 0 0 3 0 0 1 3 3 0 0 1 1 0 2 1 0 0 0 0 0 0 0 0 2 0 0 0 0 1 2 1 1 0 0 1 0 1 1 1 1 2 1 0 2 1 3 0 0 1 1 1 1 0 0 0 1 1 0 0 0 3 0 2 0 0 0 0 0 1 3 1 0 1 2 2 0 0 1 1 0 0 3 1 0 2 2 2 0 1 0 0 0 2 2 2 0 0 1 1 1 0 0 2 3 0 2 0 0 0 1 2 1 1 1 0 1 1 0 1 2 0 0 1 3 1 1 1 0 2 0 0 0 0 0 2 1 0 0 0 2 0 1 0 0 0 2 1 0 0 0 3 0 0 1 0 1 3 1 2 1 0 1 0 0 0 0 3 0 0 0 0 2 1 0 1 2 0 0 2 1 1 3 0 0 0 2 1 1 0 0 1 1 3 0 0 0 1 1 3 0 1 0 2 0 0 1 0 1 0 1 0 0 2 0 0 0 1 2 0 0 0 0 2 0 1 2 2 0 0 0 0 1 0 1 1 1 0 1 0 1 2 1 0 2 0 0 1 0 1 0 0 0 1 0 0 1 2 0 1 1 1 3 0 1 1 1 1 0 0 1 2 3 1 0 1 0 0 1 0 1 1 1 0 0 1 0 1 1 2 0 2 0 0 1 1 1 2 0 0 2 0 0 0 2 2 2 0 1 0 0 2 0 0 0 0 1 2 1 1 1 0 0 1 2 0 1 1 0 0 0 1 1 0 0 2 2 2 1 0 0 1 3 1 3 1 0 1 1 2 1 0 0 1 2 0 1 0 2 0 1 1 2 2 1 1 1 2 3 1 0 1 0 1 0 0 1 0 3 1 2 0 2 0 0 0 0 1 0 1 0 3 2 1 0 1 2 1 0 0 1 0 1 0 0 0 1 0 1 1 1 1 1 2 3 1 0 0 0 1 0 0 3 2 2 1 0 1 1 0 1 1 0 0 0 0 0 2 0 0 2 1 1 1 0 1 1 2 2 0 2 1 1 3 0 0 1 0 2 0 2 1 2 2 1 1 1 2 0 0 1 1 0 0 0 0 1 1 1 2 0 1 1 0 0 0 1 1 1 0 2 1 3 1 1 1 2 1 0 1 1 1 1 0 0 0 1 2 1 2 1 3 3 0 0 1 1 2 0 1 0 0 1 0 3 1 0 2 0 0 0 0 0 0 0 3 0 0 0 2 0 0 0 1 1 1 2 0 0 0 2 0 0 0 2 1 1 2 1 2 1 0 2 0 0 1 2 0 3 1 3 1 0 1 0 1 1 0 0 0 0 1 0 1 1 1 1 1 0 1 0 1 1 0 0 2 1 0 1 1 0 0 2 0 1 0 2 0 2 0 0 1 0 2 3 2 2 1 0 0 1 1 1 0 0 0 0 0 1 1 0 1 0 1 0 1 0 0 2 0 0 0 0 2 2 1 1 1 1 0 1 1 0 1 0 0 1 0 1 0 1 2 1 1 0 0 2 1 0 1 1 1 0 4 1 1 0 0 1 0 2 0 1 0 1 3 1 1 2 0 1 2 2 0 1 2 0 0 1 2 1 2 1 1 1 0 2 1 1 0 1 0 1 0 1 0 1 0 0 1 2 0 2 0 1 2 0 2 0 0 1 0 2 1 2 1 1 0 2 1 0 0 1 2 0 0 1 2 1 1 0 2 2 0 0 1 0 0 1 3 0 3 1 0 1 0 2 1 1 0 2 1 1 0 1 0 1 0 0 2 1 2 0 0 0 1 0 0 0 2 2 0 1 1 1 2 1 2 0 1 0 1 1 0 1 0 0 2 0 0 1 2 1 0 0 2 7 3 0 1 0 0 1 1 2 1 0 1 0 1 0 1 0 1 0 0 0 0 0 2 0 1 0 0 1 0 0 0 0 3 0 0 2 0 1 0 1 0 0 0 1 1 1 1 0 1 0 2 0 1 0 0 1 2 0 1 0 0 1 0 1 0 1 0 0 2 1 1 0 0 2 0 0 0 2 0 2 1 2 0 0 1 0 0 2 0 2 0 0 0 0 1 0 0 1 2 1 0 2 0 0 1 0 3 0 0 1 0 1 1 2 1 1 2 1 0 2 1 2 1 2 0 0 0 1 0 0 2 0 1 2 0 0 1 2 2 2 0 1 2 1 0 0 1 0 0 1 0 0 1 0 0 2 1 0 1 0 2 1 2 0 0 0 0 0 0 0 0 2 0 0 0 1 0 3 0 1 1 1 1 2 0 0 0 0 0 0 0 1 0 1 1 0 1 0 1 1 2 2 1 2 0 1 3 1 1 0 0 1 1 1 1 0 2 2 3 1 1 0 0 1 0 0 1 1 0 0 0 0 1 1 0 0 0 0 0 1 0 2 0 1 0 0 1 0 1 0 0 0 2 1 0 0 1 0 2 2 0 1 1 0 2 0 0 1 0 1 2 0 0 2 0 1 1 2 0 0 1 0 0 0 0 1 1 2 0 0 2 0 2 1 1 1 0 1 1 0 0 0 1 1 0 0 1 0 0 0 0 0 1 0 1 1 0 1 1 1 0 0 1 2 1 1 1 0 0 0 0 0 0 2 0 1 1 1 1 0 0 0 1 0 2 1 2 2 0 0 0 1 0 0 0 0 2 1 0 1 1 0 0 1 2 0 0 0 0 2 1 0 2 0 1 0 0 0 2 3 0 1 1 0 1 0 0 0 0 1 0 0 1 0 1 0 1 2 1 0 0 1 2 1 0 1 0 0 0 0 2 2 0 1 0 2 0 0 1 3 0 0 1 0 1 1 1 0 0 1 0 0 1 1 1 1 1 0 1 1 2 1 0 1 0 0 0 2 0 0 0 0 0 3 0 1 2 0 0 0 2 1 0 1 0 0 


1-D Subscan #7
Offset = 49356

This scan's rank = 1
Number of requested points = 2000
Last completed point = 2000
Scan name = "test:scan1"
Scan time = "Jul 30, 2023 15:09:41.635940"
Number of positioners = 0
Number of detectors = 1
Number of triggers = 1

Detector Data Set #1
        Detector:  0
            Name: FLIR5:image1:ArrayData
     Description: 
            Unit: 

Trigger #1
    Trigger: 0
       Name: FLIR5:cam5:Acquire
    Command: 1

Detector #1 data:
1 0 0 0 3 2 1 2 2 0 0 1 1 1 1 1 0 0 2 0 1 1 1 0 1 0 1 0 2 1 1 0 2 0 0 0 0 1 2 0 1 0 2 1 1 0 0 1 0 2 1 2 0 0 2 1 0 1 0 1 0 2 0 1 1 0 0 0 0 1 2 0 1 2 1 1 1 0 1 1 1 1 1 1 0 1 1 1 1 1 0 2 0 1 2 2 2 0 0 4 1 0 0 1 0 0 0 1 0 0 3 0 1 1 3 1 0 0 1 0 2 0 1 0 1 0 1 2 2 2 0 1 0 0 0 1 0 2 1 1 3 0 0 0 1 2 1 0 0 1 4 1 0 0 1 0 1 0 2 0 0 0 1 0 0 1 1 5 1 0 2 1 0 3 2 2 0 0 0 0 1 0 3 0 1 2 0 2 0 3 3 1 1 2 0 0 4 0 2 0 1 1 0 0 0 0 3 0 1 0 1 1 1 6 0 2 0 0 2 0 1 1 2 1 3 0 1 2 0 2 2 0 0 2 1 0 1 3 2 2 1 0 2 2 3 0 0 1 0 0 1 0 2 0 2 0 0 0 0 0 1 0 1 0 0 0 2 1 1 0 0 2 0 1 1 0 3 0 0 1 1 2 0 0 2 1 0 1 0 2 1 3 0 0 1 0 0 0 0 1 0 1 1 2 0 0 1 1 4 0 1 0 1 0 0 0 2 1 0 1 1 1 2 0 0 0 0 0 1 1 0 0 1 2 0 0 2 0 2 0 0 1 0 1 0 0 0 0 0 0 1 1 1 1 1 0 0 1 0 0 3 0 0 1 1 0 1 0 1 1 0 0 2 0 1 0 0 0 1 2 0 0 1 1 0 0 0 0 0 1 0 0 2 1 2 0 1 1 1 1 1 1 0 1 0 1 0 3 0 0 1 2 1 0 1 0 2 0 2 2 0 0 1 0 1 1 0 2 0 0 0 0 0 1 0 2 0 0 1 1 1 1 0 0 0 1 0 0 0 0 1 0 2 2 0 0 2 0 1 2 0 0 0 0 0 2 1 0 0 0 0 0 0 3 1 1 1 1 1 1 1 0 1 2 1 0 2 0 1 2 1 2 4 0 0 0 0 2 0 0 2 0 0 1 1 0 1 0 3 0 2 2 0 2 1 2 1 3 2 0 0 0 1 0 1 2 2 1 0 1 1 1 0 0 0 1 0 0 0 2 1 0 1 1 0 0 0 1 0 0 0 1 1 0 1 0 0 1 0 3 0 2 0 0 1 1 0 1 0 1 2 1 0 0 1 0 2 0 0 1 0 0 2 1 0 1 0 2 0 0 2 2 2 1 0 2 2 0 2 2 2 0 0 3 0 0 2 0 1 0 1 1 0 1 0 0 0 1 0 2 1 0 1 0 0 0 0 1 1 1 1 1 0 0 0 1 0 1 1 1 2 0 1 0 0 0 1 1 2 1 0 1 1 0 1 1 1 0 1 1 1 0 0 1 1 0 0 1 1 1 0 0 2 1 0 1 0 0 0 1 0 0 1 2 0 0 2 0 1 0 0 0 2 0 1 0 3 0 1 0 1 1 1 2 0 1 0 2 0 0 1 0 1 0 0 1 1 1 0 2 5 1 0 2 3 1 2 0 1 1 1 0 0 1 1 0 0 0 0 0 3 2 2 0 0 0 1 0 1 2 1 0 1 1 0 1 1 3 2 2 0 2 2 1 1 0 0 0 1 0 1 0 0 0 1 1 1 2 2 1 1 0 1 1 3 1 0 2 2 0 2 1 1 0 1 2 2 0 0 0 0 0 0 2 1 0 3 2 0 0 0 2 0 0 0 1 0 0 0 1 2 2 1 3 2 0 0 0 0 0 1 1 1 1 0 2 2 0 0 0 0 1 0 2 0 1 1 1 0 1 0 1 2 1 0 3 1 1 1 2 0 0 0 1 1 0 2 0 2 1 0 0 0 0 2 0 0 0 0 0 2 2 0 0 0 0 0 0 3 0 1 0 0 2 0 0 1 2 2 1 0 0 0 2 0 2 0 1 0 1 2 2 0 2 2 2 1 0 3 0 1 1 1 0 0 0 1 0 0 2 1 0 0 0 2 1 0 1 2 1 0 0 2 0 2 0 0 0 0 0 0 1 1 2 0 2 0 1 1 2 2 0 0 0 0 0 2 3 0 0 1 1 1 0 1 1 0 2 0 0 1 2 2 1 2 3 0 0 0 1 1 2 1 0 1 0 1 0 0 2 0 0 1 0 0 1 1 1 2 2 2 0 0 0 2 0 0 1 2 0 2 0 1 1 1 2 0 0 0 1 0 0 0 2 2 0 0 2 2 1 1 1 0 2 2 1 0 1 0 1 2 0 0 1 0 0 1 0 1 1 0 0 2 1 0 2 1 1 3 1 2 1 0 1 2 1 0 1 0 1 1 0 1 2 3 2 1 0 1 1 1 1 0 0 0 2 1 1 2 2 0 1 0 1 1 0 2 3 2 1 2 0 0 2 2 2 2 3 0 1 1 1 0 2 2 1 2 0 0 1 1 1 0 0 0 0 0 2 1 2 2 0 1 2 1 0 0 2 0 1 1 1 1 0 0 0 1 2 0 1 2 2 1 0 0 1 1 2 0 1 2 0 0 1 0 0 1 1 1 0 1 0 0 0 1 0 0 1 1 0 1 3 0 2 0 1 0 0 1 0 0 1 0 1 1 2 1 2 1 2 0 2 2 0 0 2 1 0 1 1 0 2 0 1 1 0 0 1 2 0 1 2 2 0 1 1 0 2 0 2 0 0 0 0 2 0 2 0 1 1 0 1 2 0 0 0 2 0 0 0 0 1 0 2 1 0 0 1 0 0 0 0 1 1 1 1 1 1 2 1 0 0 2 0 1 1 3 1 3 0 3 5 1 0 1 1 2 1 2 2 0 0 0 0 0 0 2 0 2 2 0 2 1 0 1 1 2 0 2 0 1 0 2 1 1 0 0 0 0 0 1 2 2 4 0 0 0 0 0 2 0 0 1 1 0 2 0 0 3 0 2 2 1 0 0 3 1 0 0 1 2 1 0 1 1 0 0 2 3 3 0 0 3 0 2 3 1 0 2 2 2 1 0 0 1 0 1 1 0 0 2 0 2 2 0 3 0 2 2 3 0 2 0 2 0 2 2 0 1 1 1 0 2 0 2 0 2 0 2 1 1 0 0 1 0 1 0 0 0 1 0 1 1 0 1 1 2 0 0 0 1 1 0 2 3 0 0 1 1 0 2 0 1 1 0 2 2 1 2 1 1 2 1 0 1 0 2 1 2 2 0 1 1 0 2 1 0 0 3 1 0 2 0 1 0 2 0 0 5 1 0 2 0 0 0 0 2 3 0 2 1 0 1 0 0 0 1 2 0 1 2 2 1 0 1 0 1 0 2 2 1 2 1 1 3 1 0 1 1 1 0 1 2 7 1 0 1 0 0 0 3 2 0 2 1 0 2 2 1 1 1 0 0 0 0 0 1 0 2 1 1 3 0 1 2 2 2 2 1 0 0 3 1 5 0 1 1 1 2 2 0 2 2 0 1 2 1 0 2 2 1 1 0 0 1 0 2 0 2 0 0 0 3 0 2 2 0 1 0 1 0 2 1 1 2 1 2 1 1 1 0 0 0 1 0 0 0 0 2 0 0 0 1 0 1 3 1 1 1 1 0 0 0 2 0 2 2 3 2 2 1 0 0 0 1 3 1 1 2 0 1 1 2 0 0 2 0 1 1 0 0 2 0 1 0 0 2 0 0 0 1 0 1 0 1 1 2 1 0 1 2 2 1 1 2 1 1 1 1 0 1 0 1 0 0 2 0 2 1 1 0 0 2 2 1 1 1 1 1 1 1 1 1 2 0 0 1 1 0 0 1 0 1 1 2 0 0 2 1 1 0 0 1 0 0 1 0 2 1 1 1 0 2 0 1 0 0 0 0 0 1 0 0 1 1 0 2 0 1 0 0 0 0 0 2 1 2 2 2 0 1 1 1 0 1 0 0 2 0 0 0 1 2 1 1 1 0 1 2 1 0 0 2 2 0 0 0 1 1 1 0 0 1 1 1 0 0 3 0 1 0 4 0 0 1 2 0 0 2 1 0 1 0 1 1 0 2 2 0 1 1 1 0 0 2 2 1 2 1 0 2 0 1 0 1 0 0 2 0 0 2 2 0 0 0 0 2 1 1 1 0 1 1 0 0 0 0 0 1 1 0 2 1 1 0 1 1 0 1 0 1 0 0 0 0 2 0 1 1 2 0 1 0 1 1 0 1 0 0 1 0 1 2 0 0 3 1 1 2 2 1 2 0 0 2 0 2 0 2 0 1 1 0 0 0 0 2 1 1 1 0 1 1 0 1 3 0 2 0 0 0 2 2 1 2 2 0 0 1 2 1 0 2 2 1 2 0 0 0 1 1 0 1 0 2 0 0 0 0 0 0 3 0 0 0 2 0 2 2 1 0 3 2 0 1 1 1 1 0 0 


1-D Subscan #8
Offset = 57516

This scan's rank = 1
Number of requested points = 2000
Last completed point = 2000
Scan name = "test:scan1"
Scan time = "Jul 30, 2023 15:09:43.337172"
Number of positioners = 0
Number of detectors = 1
Number of triggers = 1

Detector Data Set #1
        Detector:  0
            Name: FLIR5:image1:ArrayData
     Description: 
            Unit: 

Trigger #1
    Trigger: 0
       Name: FLIR5:cam5:Acquire
    Command: 1

Detector #1 data:
0 2 1 0 1 0 0 0 1 2 0 1 0 1 0 0 2 1 2 0 1 0 0 0 0 0 1 0 1 0 0 1 2 0 0 1 1 3 0 0 0 0 2 0 1 0 0 0 0 1 0 0 0 1 0 0 1 0 2 1 1 2 0 1 1 0 0 0 0 1 0 0 0 0 0 0 1 1 0 2 2 2 1 3 1 1 1 1 1 1 1 1 0 0 0 1 0 1 1 5 1 0 3 0 0 0 0 1 0 0 1 0 2 1 2 0 3 0 0 1 1 0 1 2 1 0 1 1 1 0 2 0 1 2 1 2 0 1 1 1 1 0 0 2 0 2 1 1 0 0 1 0 0 0 0 2 0 0 1 1 0 1 1 0 0 0 0 7 1 1 2 0 1 2 3 1 1 0 2 0 0 0 0 0 1 0 1 1 0 2 2 0 0 0 1 0 2 0 1 0 1 1 0 1 0 0 1 0 2 0 2 2 1 0 1 1 1 0 1 1 0 1 0 0 2 0 1 1 0 1 1 0 0 2 0 0 0 0 0 1 0 0 2 1 2 3 0 1 0 1 0 1 1 0 1 2 1 0 0 0 0 1 2 0 0 1 0 0 1 0 2 0 2 1 0 0 1 0 2 1 0 1 0 0 1 0 1 0 1 0 0 2 0 0 0 0 0 0 1 0 0 1 1 0 0 1 0 0 1 1 1 0 1 2 0 1 1 1 0 1 0 1 1 0 1 1 0 0 0 1 0 1 0 0 0 2 0 1 0 2 0 0 0 1 1 1 0 1 1 3 0 0 1 0 0 1 1 0 0 1 1 0 0 1 1 0 0 1 0 0 0 0 3 0 0 0 0 0 1 0 0 0 2 1 1 1 0 0 1 0 1 3 1 0 2 0 1 1 1 0 0 2 0 3 0 2 2 2 0 1 2 1 1 1 2 2 0 0 0 0 0 0 1 2 0 0 0 1 0 0 0 0 1 1 0 0 2 0 3 0 1 1 0 0 0 0 1 1 1 2 1 1 2 2 0 1 1 1 2 0 0 0 1 1 3 1 3 1 1 0 1 0 0 0 0 0 0 0 0 1 0 0 2 2 1 0 2 0 1 0 3 0 0 0 0 0 0 0 0 0 1 1 0 2 1 1 2 1 1 2 0 0 1 1 1 0 0 1 0 0 0 1 0 2 0 0 1 0 0 0 2 1 0 2 0 2 0 0 0 0 2 1 0 0 0 0 0 1 1 0 0 1 2 0 2 0 0 1 2 2 0 0 0 3 0 0 0 0 0 1 0 2 1 0 0 0 0 1 2 1 1 1 2 1 0 0 0 0 1 0 2 1 1 1 1 0 1 0 1 0 1 1 2 2 0 0 1 1 0 2 0 0 0 1 0 0 0 1 1 1 1 0 1 0 0 0 1 1 1 1 2 0 1 0 0 0 0 1 0 1 1 1 1 0 1 1 6 0 0 1 1 1 0 1 1 1 2 2 1 1 1 1 0 1 0 0 1 0 0 0 0 1 1 1 0 0 0 1 0 0 3 0 0 1 1 2 2 0 1 1 1 0 1 2 1 0 2 0 2 1 1 0 1 0 0 1 0 1 0 0 2 0 1 0 0 1 1 0 1 0 4 0 0 3 3 1 1 0 3 2 1 1 0 1 0 0 0 3 0 0 1 2 1 1 0 0 2 2 2 2 0 0 1 0 0 0 0 2 2 1 0 2 0 1 0 2 1 1 2 0 2 0 0 0 0 1 0 0 1 0 1 0 2 0 3 1 3 2 0 1 1 0 0 0 1 1 1 0 0 1 0 0 0 1 1 0 2 1 0 1 1 0 0 0 0 3 2 0 0 1 0 1 0 1 5 0 0 0 0 0 2 1 1 0 0 0 0 0 0 1 0 2 1 0 2 0 0 1 0 1 0 0 1 1 0 2 1 1 0 0 0 0 0 1 0 1 0 0 0 2 0 0 0 1 1 0 0 1 0 2 0 1 0 0 0 0 0 0 2 2 1 0 1 0 0 1 1 1 1 2 0 0 0 0 0 2 1 1 1 2 0 0 0 0 0 0 0 0 1 0 0 1 0 1 2 1 0 0 1 1 1 1 1 1 0 1 0 1 1 2 0 0 1 1 0 0 2 1 1 1 0 0 3 2 0 2 2 1 2 2 1 2 2 1 0 0 0 2 1 0 0 1 1 1 1 1 2 1 0 3 1 2 2 1 1 1 0 1 1 0 0 1 0 0 1 0 1 0 0 0 0 1 0 0 3 1 2 0 0 0 1 0 0 2 1 0 0 0 0 2 0 1 2 0 1 0 0 2 0 1 0 0 1 2 1 2 1 1 0 2 0 0 0 2 1 0 0 0 0 1 0 2 1 1 0 1 2 0 2 3 1 0 0 3 1 0 2 2 2 1 2 3 1 1 2 2 0 2 0 1 0 1 2 1 1 2 1 0 1 0 1 1 3 0 1 2 2 1 1 2 2 0 0 1 1 0 0 1 1 0 3 0 0 1 1 0 1 0 1 4 0 0 0 1 1 0 0 2 0 1 0 3 0 1 0 0 1 2 0 2 3 1 1 1 0 2 0 1 0 2 0 0 1 0 1 2 1 0 0 1 1 0 0 0 1 1 0 0 0 1 0 0 1 2 0 1 0 1 1 2 0 3 1 0 2 0 0 2 0 0 0 3 0 1 0 0 0 0 0 1 0 1 0 0 1 0 1 0 1 3 2 2 0 2 0 0 1 0 0 2 0 1 1 1 0 1 0 0 0 0 1 0 2 1 0 0 2 0 2 0 0 2 0 0 1 0 0 0 0 1 0 0 1 0 2 1 3 0 0 0 1 2 1 3 0 0 1 0 1 0 0 0 1 0 2 2 9 0 0 0 2 0 2 1 1 0 1 1 1 2 1 5 1 1 0 2 1 2 0 1 0 1 1 1 1 0 2 0 1 1 2 0 0 1 0 1 1 1 1 0 0 0 2 0 2 1 1 1 2 0 2 1 1 0 0 0 1 0 0 1 0 0 1 0 2 1 2 1 1 0 2 0 0 1 1 3 0 0 1 0 1 2 0 1 1 1 2 0 0 2 1 1 2 2 0 1 0 0 1 1 0 2 0 1 1 1 0 4 0 1 0 3 1 2 0 0 0 0 2 0 0 0 1 1 2 0 2 0 1 1 1 0 2 0 0 1 2 0 0 0 0 2 1 1 1 1 0 2 0 1 2 1 0 0 2 2 1 0 1 2 1 0 3 0 1 0 1 0 0 0 0 1 0 0 0 1 1 0 0 0 3 2 0 0 2 0 0 2 2 0 3 0 1 0 0 2 0 0 2 0 1 0 0 1 0 0 0 0 3 2 1 2 0 0 0 0 0 1 0 0 0 1 0 1 0 1 1 2 1 1 1 2 1 1 0 1 1 0 1 1 0 1 1 1 1 0 0 0 0 2 0 1 1 7 0 1 1 0 1 0 0 0 0 0 0 2 2 0 0 1 1 1 0 0 0 1 0 1 1 0 0 0 0 1 0 0 2 3 4 0 0 1 0 1 0 0 0 2 0 1 0 1 3 1 0 1 0 0 0 1 1 0 1 0 0 0 1 0 0 0 0 0 1 0 3 2 0 0 0 1 0 0 1 0 0 2 1 2 0 0 0 0 2 1 1 2 1 2 1 0 0 1 1 1 1 0 0 3 0 1 1 0 0 2 1 0 0 3 1 1 2 0 0 2 1 2 1 0 0 1 0 1 2 0 3 1 0 1 0 0 1 2 1 0 0 0 1 1 1 1 0 2 1 0 2 1 0 0 0 0 1 0 1 0 1 0 1 0 0 0 0 1 0 1 0 0 1 1 1 0 0 0 0 4 2 0 1 1 1 2 0 1 0 0 0 0 0 2 0 0 0 0 2 1 0 2 1 1 0 2 0 0 1 1 0 1 0 0 0 0 1 1 1 1 1 1 0 0 0 0 1 0 0 0 2 0 1 1 3 1 0 0 1 0 0 0 0 0 1 1 1 0 1 1 0 0 0 1 0 1 0 2 1 0 0 1 1 2 0 1 1 0 1 2 1 1 0 2 2 1 2 1 0 0 0 0 1 0 0 0 2 3 1 0 2 1 0 3 2 2 0 1 2 2 2 0 0 1 0 2 1 0 0 1 0 0 1 1 0 1 1 1 1 2 0 1 0 0 1 2 2 0 0 1 1 0 1 0 1 1 2 0 1 2 2 1 3 0 0 0 2 1 0 1 0 2 0 0 0 0 1 0 1 0 2 1 0 1 0 0 5 1 0 0 2 0 1 1 0 0 0 1 1 3 3 0 2 1 0 1 1 0 0 0 0 0 0 2 2 0 0 2 2 1 3 1 2 1 0 1 0 1 0 0 0 0 0 2 0 2 0 0 0 1 1 1 1 0 0 1 0 0 1 1 0 0 2 0 1 1 1 1 2 2 2 0 1 0 1 0 0 0 0 0 0 1 0 2 0 0 0 1 0 1 1 0 0 0 2 0 


1-D Subscan #9
Offset = 65676

This scan's rank = 1
Number of requested points = 2000
Last completed point = 2000
Scan name = "test:scan1"
Scan time = "Jul 30, 2023 15:09:45.038601"
Number of positioners = 0
Number of detectors = 1
Number of triggers = 1

Detector Data Set #1
        Detector:  0
            Name: FLIR5:image1:ArrayData
     Description: 
            Unit: 

Trigger #1
    Trigger: 0
       Name: FLIR5:cam5:Acquire
    Command: 1

Detector #1 data:
1 0 1 0 1 1 0 2 0 1 1 0 0 0 0 0 2 2 0 1 1 0 3 0 1 1 0 1 3 1 0 1 0 2 2 1 0 2 2 0 0 1 1 0 1 0 1 1 1 1 0 1 0 0 1 0 0 0 1 0 0 0 1 0 0 2 1 1 0 2 0 1 0 1 2 0 1 2 1 2 1 0 1 0 2 0 1 2 0 0 1 2 2 0 0 2 0 0 1 5 0 0 0 1 0 0 0 1 0 0 0 0 3 1 1 1 4 1 0 0 0 0 1 1 0 0 0 0 1 1 1 2 2 0 0 2 0 0 1 2 1 2 0 2 0 1 0 0 0 2 2 1 1 0 0 2 0 0 1 1 1 2 0 0 1 0 2 9 2 0 0 0 0 1 0 1 2 0 1 1 1 1 1 2 1 0 1 0 2 0 2 1 1 1 1 0 1 1 1 0 0 1 0 2 0 1 2 1 2 0 1 0 2 1 0 2 0 1 0 1 0 1 0 2 0 0 0 1 2 2 2 1 2 3 0 0 0 1 2 0 0 1 0 1 1 2 0 0 0 0 1 2 0 0 2 2 0 1 1 2 1 1 3 3 2 0 0 0 0 1 0 1 1 0 1 0 0 2 0 2 0 0 1 0 0 1 2 0 0 2 2 2 0 0 1 0 0 0 0 0 0 2 2 0 0 0 0 1 0 0 1 0 0 1 1 0 2 0 0 0 2 0 1 1 1 1 1 0 2 0 0 2 0 0 0 1 0 1 0 0 0 0 0 2 0 1 1 1 0 1 0 0 0 1 0 0 0 1 0 1 0 2 0 0 0 1 0 0 0 2 0 1 0 0 0 5 2 1 0 1 1 1 1 2 1 0 1 0 0 0 0 0 0 2 0 1 2 1 0 2 0 0 0 2 2 3 2 0 0 1 2 1 0 0 1 1 2 0 0 2 0 0 2 0 1 0 1 2 0 0 0 2 1 3 0 1 0 0 0 0 2 2 0 1 1 1 2 1 0 2 1 1 0 0 1 1 1 0 1 0 0 1 0 0 1 2 0 0 2 0 1 2 2 0 0 1 1 0 0 2 0 1 1 1 0 0 2 2 0 1 0 1 0 0 0 0 0 1 0 0 0 1 0 3 2 0 0 0 2 0 1 0 1 1 0 0 1 1 0 0 0 0 2 0 1 0 2 0 1 1 2 1 0 0 0 1 1 0 1 1 2 0 0 0 2 0 0 0 0 0 2 0 1 1 1 1 3 0 0 0 0 2 1 1 1 1 0 2 0 0 0 0 2 0 0 1 1 2 0 1 1 1 3 0 0 1 1 0 0 0 0 0 0 1 1 0 0 0 1 0 1 1 0 1 0 0 1 0 1 0 1 2 1 0 0 2 0 0 1 1 2 0 1 0 1 0 1 0 1 0 1 0 2 2 0 2 0 0 0 2 0 0 0 2 0 1 2 1 1 2 1 2 1 2 2 1 1 2 1 1 0 0 0 1 3 2 0 1 0 0 1 1 1 0 0 0 0 0 0 2 1 0 1 3 0 0 0 2 1 0 1 1 0 0 0 0 1 0 3 0 0 1 0 0 1 0 0 2 1 0 2 0 2 0 1 2 0 1 1 1 3 1 0 0 3 1 0 0 1 0 0 2 0 0 1 0 0 0 0 0 1 2 1 0 0 0 1 0 0 0 0 1 1 0 0 1 0 1 0 1 0 0 2 0 1 2 1 0 1 1 1 0 0 0 0 0 1 0 0 2 2 0 1 0 1 0 0 1 0 0 0 1 1 0 1 2 0 0 0 0 0 1 0 0 1 0 0 0 0 1 0 0 0 0 1 2 0 0 0 1 1 0 1 0 0 0 0 0 0 1 2 0 0 1 1 2 1 1 0 2 0 2 2 1 0 0 0 0 2 0 0 1 3 0 1 2 1 3 0 0 0 1 0 0 1 1 1 0 2 1 0 1 0 0 2 0 1 1 0 0 0 0 0 2 1 0 1 0 0 2 1 2 1 0 0 0 2 2 0 1 0 0 1 0 0 3 1 1 1 0 1 0 0 0 0 1 0 0 1 0 1 2 0 0 0 1 2 2 0 2 2 1 1 0 1 1 0 0 1 2 1 0 1 0 1 0 0 1 1 0 0 2 0 2 0 1 2 1 0 1 3 1 1 0 2 3 2 3 2 2 1 2 0 0 0 2 0 0 0 2 1 0 0 1 1 0 0 1 1 1 2 2 0 0 1 2 0 0 0 0 0 0 3 0 2 2 1 1 0 1 1 1 0 2 2 1 0 3 0 2 1 0 2 0 1 0 0 1 1 0 0 0 0 1 2 1 2 1 1 1 2 1 2 0 1 0 1 0 2 0 0 1 1 0 1 0 0 0 1 1 0 1 0 0 0 2 0 0 1 0 2 2 0 1 1 2 1 1 1 2 2 0 0 0 2 2 0 0 0 0 1 0 0 0 0 0 1 0 2 0 1 1 0 1 2 0 2 1 2 0 1 0 1 1 1 1 1 1 0 2 0 1 1 1 0 1 2 0 1 0 1 1 2 1 0 1 0 2 0 2 3 0 1 0 0 2 2 0 1 2 1 2 0 0 0 0 1 1 0 0 2 0 1 0 0 1 0 0 0 1 1 0 0 0 0 0 0 1 0 1 0 1 0 1 1 1 1 0 2 0 2 0 0 2 0 1 1 0 0 1 1 1 0 1 3 2 0 1 1 1 0 2 0 1 0 1 0 0 1 1 1 2 0 0 1 0 2 1 1 1 2 0 3 0 1 1 0 1 1 2 0 1 0 0 1 1 1 0 1 1 2 0 2 0 2 1 3 0 1 0 1 3 0 2 1 1 0 1 2 1 0 2 0 0 2 2 1 0 0 0 0 2 1 2 1 2 1 3 1 2 1 3 1 2 3 0 0 0 2 0 1 0 0 0 1 0 4 0 1 5 0 1 1 0 0 1 1 1 1 1 1 0 1 1 2 1 1 0 0 0 0 2 0 0 0 0 1 0 1 1 1 2 0 2 1 1 1 0 1 0 0 0 0 0 0 4 1 0 2 2 2 0 0 0 1 1 0 1 2 0 2 0 2 1 0 2 0 0 1 0 2 3 0 1 1 0 0 0 0 1 0 2 0 0 2 0 1 0 0 4 0 0 1 2 0 0 0 0 0 1 1 0 2 0 1 1 2 1 0 1 1 0 1 1 2 1 2 1 0 1 0 0 0 1 1 0 0 2 0 1 0 0 1 1 2 0 1 0 0 1 0 1 2 2 0 2 0 0 0 1 1 0 0 0 1 1 0 2 1 1 1 0 3 0 0 3 0 0 2 0 0 1 0 1 0 0 1 0 4 0 1 1 0 0 0 1 0 1 2 0 2 1 1 1 1 2 2 1 0 0 1 0 2 1 1 1 1 1 2 0 0 0 0 0 1 0 1 0 2 2 3 1 1 5 1 2 3 0 2 1 2 1 1 0 0 0 2 2 1 0 0 1 1 1 0 0 2 0 0 0 0 0 0 0 2 2 4 1 0 1 3 0 1 1 1 2 1 1 1 2 1 1 0 1 3 2 0 1 1 1 1 0 0 0 2 1 0 2 2 1 0 1 1 1 1 1 0 0 0 1 1 2 0 0 1 0 1 2 1 0 0 2 0 1 0 0 1 2 2 1 2 2 0 2 0 1 0 3 0 1 1 0 0 0 0 0 0 0 1 0 0 0 3 1 2 2 0 2 1 1 0 0 0 1 0 0 1 3 2 0 1 2 0 1 1 1 1 0 1 1 3 1 0 0 0 0 0 0 0 1 2 0 1 0 1 0 2 0 0 1 1 1 2 0 1 1 2 1 0 1 1 0 1 1 2 0 1 2 0 0 0 0 1 0 1 0 2 1 0 1 1 0 0 1 0 1 1 2 2 2 2 1 2 1 0 3 0 1 1 0 1 2 3 0 1 0 0 0 0 0 1 0 2 0 1 0 1 0 4 0 0 0 0 0 0 1 1 1 0 0 0 0 1 0 1 1 2 0 1 0 1 1 0 0 0 1 1 1 1 0 0 1 1 0 0 1 0 0 0 2 0 0 1 2 1 1 1 0 1 1 0 1 2 0 2 1 0 0 2 2 0 1 1 0 0 0 0 1 1 1 1 0 1 1 1 0 1 0 0 1 3 0 1 0 0 2 0 1 1 1 1 1 1 1 2 0 0 1 1 1 1 0 0 0 1 2 1 0 0 0 0 1 0 0 0 1 1 0 0 0 1 1 3 1 0 1 2 1 0 0 0 2 1 3 3 0 2 1 0 0 0 1 1 2 1 1 1 1 1 2 1 1 0 0 1 1 0 0 2 1 0 2 2 1 0 1 2 1 0 2 1 1 0 1 1 0 0 1 0 1 0 2 0 3 1 0 2 0 0 2 1 0 0 1 0 0 1 0 1 0 1 1 1 2 1 0 1 0 2 0 1 1 0 1 0 2 1 0 0 0 0 0 0 0 1 2 0 0 1 0 


1-D Subscan #10
Offset = 73836

This scan's rank = 1
Number of requested points = 2000
Last completed point = 2000
Scan name = "test:scan1"
Scan time = "Jul 30, 2023 15:09:46.740515"
Number of positioners = 0
Number of detectors = 1
Number of triggers = 1

Detector Data Set #1
        Detector:  0
            Name: FLIR5:image1:ArrayData
     Description: 
            Unit: 

Trigger #1
    Trigger: 0
       Name: FLIR5:cam5:Acquire
    Command: 1

Detector #1 data:
1 0 0 0 1 1 0 0 2 2 2 0 1 1 0 1 0 1 1 0 0 0 0 0 0 2 1 0 3 0 1 0 0 0 0 1 0 0 1 0 0 0 1 1 0 0 0 1 2 1 0 0 0 0 0 0 0 1 1 0 1 3 1 0 0 1 0 1 0 0 0 0 0 1 0 0 1 1 1 3 0 2 1 0 1 0 0 0 0 0 0 1 1 0 1 1 0 1 2 5 0 0 0 1 0 0 0 1 1 0 0 0 1 1 0 0 0 2 1 0 2 0 0 1 0 1 2 0 2 0 0 0 0 0 2 1 0 1 1 1 1 1 0 0 1 2 0 0 0 0 1 0 0 0 1 2 0 0 0 0 0 0 0 0 0 1 0 4 1 0 0 0 0 1 2 0 1 1 0 0 0 1 0 1 2 0 1 4 0 2 1 0 1 2 0 0 0 0 0 0 0 0 2 1 1 2 0 0 0 0 2 0 0 0 1 1 0 1 0 2 0 3 1 0 0 0 0 1 1 2 0 0 0 2 0 0 0 1 2 0 0 0 1 2 0 1 1 0 0 0 0 0 0 0 0 0 0 2 0 0 0 0 2 0 1 1 0 0 0 0 0 1 2 0 0 0 0 0 0 2 0 0 0 0 0 1 0 0 0 0 0 0 0 0 0 2 0 0 1 1 0 0 0 0 1 1 2 0 1 1 0 1 0 0 1 0 0 0 1 0 0 1 2 1 0 0 1 1 1 0 0 1 0 0 0 1 0 0 1 0 0 0 1 0 0 1 0 1 0 0 1 0 0 0 0 0 0 0 0 0 0 0 0 0 2 1 0 0 0 0 0 0 2 0 0 0 1 1 0 0 0 0 0 1 1 0 1 1 0 0 0 0 0 0 0 1 1 2 0 1 0 0 0 1 0 1 0 0 0 0 0 1 1 0 1 1 2 0 0 1 0 0 2 0 2 0 0 0 0 0 0 0 2 1 0 0 0 0 1 0 0 2 0 0 0 1 0 1 0 1 0 0 3 0 0 2 0 0 1 0 0 0 0 1 0 1 0 0 0 0 0 0 0 0 0 0 0 0 0 0 1 0 0 1 0 5 2 0 1 0 0 0 1 0 0 0 0 1 0 1 0 0 0 2 0 1 1 0 1 0 0 1 0 0 0 0 0 1 2 0 0 1 0 0 2 0 1 1 0 1 0 0 1 0 0 0 1 0 1 0 0 0 0 1 2 1 1 0 1 0 0 0 1 0 0 2 2 1 0 0 0 0 0 1 0 0 0 2 0 0 0 0 0 0 0 1 0 1 0 0 0 0 3 1 0 1 0 0 0 0 0 0 0 0 0 1 1 0 0 0 0 1 0 0 1 0 3 0 1 0 1 0 0 0 0 0 0 1 1 0 0 1 2 0 1 0 0 0 0 0 2 2 1 0 0 2 0 2 0 0 2 0 0 0 2 0 2 1 0 0 0 1 1 0 0 0 0 1 1 0 1 0 0 0 1 1 0 2 0 0 0 2 0 0 0 0 0 0 0 0 1 0 2 2 0 0 0 0 0 1 0 0 2 1 0 0 0 1 1 1 0 0 0 2 0 2 0 1 0 0 1 0 0 0 0 0 1 0 0 0 2 1 0 2 1 0 2 3 1 1 0 0 0 2 0 0 0 0 0 0 1 2 0 0 1 0 0 1 1 1 0 2 1 1 0 1 0 2 2 1 0 0 3 1 1 1 0 0 0 1 0 0 2 0 0 0 0 1 1 0 0 0 0 0 0 0 0 0 0 1 0 0 0 0 1 2 2 1 0 0 1 0 0 3 0 1 0 0 0 0 0 0 1 0 0 0 2 1 0 0 0 0 1 0 5 0 0 0 0 0 1 0 0 0 0 0 0 0 0 4 2 1 1 2 1 0 1 2 2 0 0 0 1 0 2 0 0 0 0 0 0 0 0 0 0 1 0 0 1 0 0 2 1 6 1 2 0 0 0 1 0 0 0 0 0 0 0 0 1 0 1 1 0 2 0 0 1 1 1 0 0 1 0 0 1 0 0 0 0 2 2 0 3 0 0 1 2 0 1 0 0 1 0 0 0 1 0 0 0 1 2 2 1 0 0 0 0 0 0 0 1 0 2 2 1 0 0 1 0 0 0 0 2 0 0 1 2 3 1 0 2 0 0 1 0 1 0 1 2 2 0 0 0 0 0 2 0 0 0 1 1 1 2 1 0 0 1 1 1 1 0 0 0 0 1 0 0 0 0 0 2 1 0 0 0 0 2 1 0 0 0 0 3 0 1 0 0 0 0 1 0 0 0 1 2 0 1 1 1 1 1 0 0 1 1 1 1 4 2 1 0 0 1 2 0 1 0 0 1 3 0 0 0 2 0 1 0 0 1 1 0 0 1 0 1 0 2 0 0 1 0 1 0 1 1 0 0 1 1 2 1 0 1 1 2 2 0 0 0 0 0 0 1 1 0 2 1 1 0 0 0 0 0 1 0 1 0 0 2 0 3 0 0 1 2 0 2 1 1 0 2 0 0 2 0 1 1 0 0 0 1 1 2 3 0 0 0 1 0 0 1 0 0 1 0 1 0 0 2 0 0 0 1 0 1 1 0 0 0 2 0 0 1 0 0 0 0 0 0 0 2 0 1 0 2 0 0 0 1 1 2 1 0 0 2 0 0 2 0 0 2 0 0 1 0 0 0 0 2 1 0 1 0 0 1 0 0 0 0 2 0 1 1 0 1 0 1 0 0 1 0 1 0 1 1 0 1 0 0 1 0 2 1 1 1 0 0 1 0 0 0 1 0 0 0 1 1 0 2 0 1 0 1 1 0 0 0 1 1 2 0 1 0 1 1 0 0 1 2 0 0 1 2 1 1 0 0 0 0 1 0 0 1 0 0 2 0 1 1 3 0 3 1 0 0 0 0 2 1 0 0 0 0 2 0 1 1 0 0 3 0 2 2 0 0 0 2 1 0 0 0 2 2 0 1 0 0 0 0 1 1 0 1 1 0 0 0 0 2 1 1 0 2 1 0 0 0 0 0 0 0 0 2 0 0 2 1 0 0 0 2 2 0 0 0 0 0 1 2 0 1 1 0 1 0 0 0 0 2 1 0 1 0 0 1 0 0 0 0 1 2 0 2 1 0 1 0 0 0 1 0 0 1 0 0 0 1 1 0 2 1 0 1 0 1 2 0 1 0 0 0 0 0 1 0 0 1 2 1 0 0 1 0 1 1 0 0 1 0 1 0 1 1 0 1 1 0 1 0 1 0 1 1 0 1 1 0 0 1 0 0 0 1 0 2 0 0 0 0 1 0 1 0 0 0 1 1 0 0 0 0 2 0 1 0 0 0 0 3 0 0 2 0 2 1 0 0 2 0 2 0 0 0 1 0 2 3 0 0 0 0 0 0 0 0 0 0 0 2 1 2 0 0 1 1 0 0 0 0 1 1 0 2 8 1 0 1 0 0 2 2 0 1 0 0 1 0 1 0 0 0 0 1 0 1 0 0 2 1 0 1 1 0 0 0 2 2 0 1 1 0 1 0 0 2 2 0 0 1 2 0 1 1 3 0 1 2 0 0 2 1 0 2 0 0 0 1 0 0 0 0 0 1 0 1 2 0 0 0 1 1 3 0 0 0 1 1 1 0 0 0 0 2 0 0 0 0 1 1 1 0 2 0 1 0 0 1 2 0 1 1 0 0 0 0 0 1 1 0 1 0 0 0 0 0 0 1 0 0 0 2 0 0 0 2 0 0 2 1 0 0 1 1 1 0 0 1 1 0 1 2 1 0 0 0 1 0 0 1 0 0 1 2 2 0 0 1 0 0 0 2 2 2 0 0 2 2 1 1 0 0 1 1 0 1 0 1 0 1 0 0 0 1 0 1 0 0 1 0 1 0 0 1 1 0 1 0 1 0 1 1 2 1 0 1 0 0 1 0 2 0 1 0 1 2 0 0 0 0 0 0 0 0 1 0 0 1 0 0 1 1 0 0 0 0 0 1 0 0 0 1 0 1 0 1 0 1 0 0 0 0 0 0 0 0 0 0 1 1 0 0 0 0 2 1 0 1 0 1 1 1 0 1 0 1 2 0 3 0 0 1 2 2 0 1 1 1 1 0 2 0 0 1 2 1 0 0 1 0 1 0 0 0 0 0 1 2 0 0 0 1 0 0 0 0 1 0 1 0 0 2 0 1 0 0 0 1 2 0 0 1 1 1 0 0 0 0 0 0 0 0 0 0 1 0 1 0 0 0 0 0 0 0 1 1 0 0 1 0 1 0 0 0 1 1 0 2 1 0 0 0 0 1 2 2 2 0 0 3 1 0 0 1 0 0 0 0 0 1 0 3 0 0 1 0 1 2 0 0 1 0 0 0 0 0 1 0 1 0 0 1 0 0 2 0 2 0 0 1 1 0 0 0 0 1 0 0 0 0 1 1 0 2 1 0 0 0 0 2 0 0 1 0 0 0 0 0 2 0 0 0 2 0 1 1 0 0 1 1 0 


1-D Subscan #11
Offset = 81996

This scan's rank = 1
Number of requested points = 2000
Last completed point = 2000
Scan name = "test:scan1"
Scan time = "Jul 30, 2023 15:09:48.442722"
Number of positioners = 0
Number of detectors = 1
Number of triggers = 1

Detector Data Set #1
        Detector:  0
            Name: FLIR5:image1:ArrayData
     Description: 
            Unit: 

Trigger #1
    Trigger: 0
       Name: FLIR5:cam5:Acquire
    Command: 1

Detector #1 data:
0 0 0 0 1 1 1 1 0 0 2 0 0 0 0 0 2 0 0 0 0 2 2 1 2 0 0 0 1 0 2 1 0 0 0 1 0 1 0 0 0 0 0 0 0 0 0 2 1 0 1 0 0 1 0 0 0 1 1 1 1 1 1 1 1 0 2 1 0 0 0 0 1 0 0 0 1 2 0 0 0 1 1 1 1 1 0 0 0 0 0 2 1 0 0 0 0 1 0 5 0 1 0 0 0 0 0 1 1 1 1 0 0 0 0 0 2 1 0 0 1 1 0 0 0 0 0 0 2 0 0 0 0 0 1 0 0 0 0 0 0 1 0 0 0 1 0 0 0 0 2 0 0 0 1 1 0 0 0 0 0 0 0 0 0 1 2 6 0 0 1 0 0 1 0 0 2 0 0 0 0 0 1 1 0 0 1 0 0 1 0 0 0 0 0 0 2 0 0 0 1 1 1 2 0 0 0 0 1 0 0 0 0 0 0 1 0 1 0 2 0 0 1 0 2 0 1 0 0 0 0 0 0 0 1 0 2 0 2 0 0 0 1 0 0 0 0 1 0 2 2 1 0 0 1 0 1 0 2 2 2 0 1 1 1 1 1 0 0 0 0 0 0 0 0 0 0 0 1 0 0 0 0 0 2 0 0 2 0 0 1 1 0 1 0 0 0 2 0 1 0 2 0 1 1 1 0 0 3 1 0 0 1 1 1 0 0 0 1 0 0 1 2 1 1 0 2 1 1 2 1 0 1 1 3 0 0 2 0 1 0 0 0 0 1 0 1 1 0 1 0 1 0 0 0 0 0 0 0 0 2 0 2 2 0 0 1 0 1 1 0 0 3 0 0 2 0 1 0 0 0 0 0 0 1 2 0 2 0 0 1 0 0 0 2 1 0 1 0 2 1 1 0 2 0 2 0 0 0 0 1 2 1 1 1 1 0 0 3 1 0 0 0 0 0 1 0 1 0 0 1 1 0 1 0 1 1 2 1 0 1 0 0 0 0 1 0 0 0 1 0 0 1 2 0 2 2 0 1 1 0 0 0 1 0 2 1 0 0 0 0 0 1 0 1 1 0 0 0 0 0 0 0 2 0 0 0 1 0 0 0 0 0 0 0 0 0 1 0 0 1 0 0 2 1 1 1 0 2 0 2 0 2 1 0 0 0 0 0 0 0 1 0 0 2 0 0 0 0 0 0 0 0 0 0 1 0 0 1 0 0 0 0 0 0 0 0 0 0 0 2 0 0 0 1 1 2 1 0 1 0 2 1 0 1 0 0 0 0 0 0 1 0 0 0 0 0 0 2 0 0 0 1 0 1 0 0 0 1 0 1 0 0 0 3 0 1 0 1 1 2 0 3 1 0 0 2 0 2 1 0 0 1 0 0 0 0 0 2 1 0 0 0 0 1 0 0 0 2 0 0 1 1 0 0 1 0 0 0 0 2 0 0 0 3 0 0 0 0 1 0 2 1 0 2 1 1 1 1 1 2 3 0 0 0 1 0 0 0 0 0 0 2 1 0 1 0 0 0 2 2 0 1 1 1 0 1 1 1 0 1 0 0 1 0 0 0 1 2 0 0 0 1 1 1 0 0 0 0 0 2 0 2 0 1 1 1 0 0 0 3 0 0 0 3 1 1 0 1 0 0 0 0 2 0 0 0 0 1 0 0 2 1 2 1 0 2 0 0 2 0 0 0 0 0 0 0 0 0 3 0 1 1 1 0 0 1 1 1 0 0 0 0 2 1 0 1 0 1 0 1 0 0 0 2 0 1 0 0 0 2 1 0 0 1 1 0 1 1 2 0 0 1 2 0 0 0 1 0 0 0 2 0 0 0 0 0 0 0 0 1 0 1 0 2 0 0 0 0 1 0 0 1 0 2 1 0 2 0 0 0 3 1 0 1 0 1 2 0 0 0 0 2 1 2 0 0 0 1 1 0 0 0 0 0 1 0 0 0 1 0 1 0 0 1 0 1 1 0 1 0 2 0 0 0 0 0 1 1 1 1 1 0 0 1 0 0 0 1 2 0 0 0 2 2 1 0 0 1 0 2 0 0 1 0 0 0 0 0 1 0 0 0 0 0 0 1 0 0 1 1 2 1 0 1 1 0 1 0 0 1 0 1 2 0 0 1 2 0 0 0 0 1 0 0 1 0 0 0 0 1 2 0 0 1 1 0 1 1 1 0 1 0 0 2 0 1 0 2 2 1 2 2 0 2 0 0 1 1 1 0 0 0 2 0 0 2 1 1 0 1 0 1 0 0 0 1 0 1 0 0 0 0 0 2 0 0 0 0 0 3 1 1 1 1 0 0 0 0 0 1 0 0 1 1 0 0 1 0 0 0 1 1 0 1 0 0 0 0 1 1 0 0 0 2 1 1 0 0 0 0 2 1 0 0 0 1 1 0 1 2 2 0 0 2 0 0 1 1 2 0 1 1 1 0 0 0 0 0 0 0 0 0 0 0 1 0 1 1 0 0 1 0 1 0 0 1 1 2 1 0 0 0 1 1 0 0 1 0 2 0 3 1 0 1 1 2 1 0 2 0 2 1 3 0 0 2 1 0 0 2 0 0 0 0 0 0 0 0 0 0 1 1 0 1 0 0 0 0 0 0 0 2 0 1 2 0 0 0 0 0 0 2 1 0 0 0 1 1 2 0 1 0 0 0 2 0 0 2 0 0 0 0 1 0 0 1 0 0 1 1 1 0 0 2 0 1 0 1 2 1 1 1 0 0 1 0 0 0 1 0 0 2 1 0 1 2 0 0 1 0 0 0 0 0 0 0 1 0 0 0 0 2 0 1 0 0 2 0 0 0 2 0 0 0 0 2 2 0 0 0 1 0 1 0 0 0 2 0 0 0 0 1 3 1 2 2 2 0 1 1 1 2 2 2 1 0 1 1 0 1 3 0 0 1 3 2 0 1 1 0 2 0 1 1 0 2 0 0 2 1 0 0 0 0 0 0 1 1 1 0 1 1 1 0 1 1 0 0 0 1 0 0 2 0 0 0 1 1 1 0 1 0 0 1 1 0 2 0 0 0 0 0 0 1 0 0 0 2 2 1 1 0 1 2 0 2 1 0 0 1 0 0 1 0 2 1 0 0 1 0 0 0 0 0 0 0 0 0 1 0 2 1 0 1 0 0 1 1 3 0 3 0 1 0 0 0 1 0 1 0 0 0 0 2 0 2 0 0 0 2 2 2 1 1 0 1 1 0 2 2 0 0 0 0 1 0 0 0 0 0 0 1 0 2 0 1 0 0 2 0 1 0 1 0 2 0 0 0 2 0 1 0 1 1 0 0 1 1 0 0 2 2 0 0 2 1 0 0 1 0 1 0 1 1 0 1 0 0 0 0 0 0 2 0 0 0 0 1 1 1 1 0 0 0 0 0 1 0 0 0 0 1 1 1 0 1 0 0 0 1 0 1 2 1 0 2 2 0 3 1 1 0 2 0 0 1 0 0 1 2 1 1 0 0 1 1 2 0 0 0 1 0 0 0 0 1 0 0 1 0 1 0 1 1 2 2 2 1 0 0 1 0 0 1 0 0 0 0 0 0 0 1 0 1 1 0 2 3 1 2 0 0 0 1 0 1 0 1 1 0 0 1 0 0 0 0 0 0 1 0 0 0 0 1 1 1 2 1 0 0 0 0 2 0 0 0 1 2 1 1 0 1 1 1 2 0 0 0 2 1 0 0 2 0 1 0 0 1 1 1 0 2 0 0 0 0 0 0 1 0 0 1 0 0 0 0 0 0 0 0 2 0 2 0 0 1 1 0 0 0 1 0 0 0 1 0 0 1 0 1 0 1 1 1 0 0 0 0 0 1 0 0 0 1 1 1 0 1 1 0 1 1 1 1 1 0 2 1 0 0 0 0 0 1 1 0 1 1 0 0 0 1 2 0 1 0 1 0 2 2 1 0 0 0 1 0 1 1 1 0 0 0 1 0 0 0 0 0 0 2 0 0 0 0 0 1 0 0 1 0 0 0 1 1 0 0 1 0 0 0 0 1 0 0 0 0 0 0 1 0 0 2 0 0 0 0 0 1 0 0 1 0 0 1 0 1 1 1 0 2 1 0 0 1 0 0 0 0 0 0 1 0 0 1 1 0 0 1 1 0 0 0 2 1 0 0 1 2 1 0 0 0 1 1 1 1 0 0 0 2 0 0 0 0 0 0 0 0 0 1 0 0 0 0 0 0 1 0 0 1 0 1 0 2 0 0 0 0 0 0 0 0 2 0 2 2 0 0 1 0 0 0 1 1 1 1 0 1 0 2 1 0 0 0 1 0 2 0 0 0 0 1 3 0 1 0 0 0 0 1 1 1 0 1 0 2 0 1 0 1 1 0 2 0 1 2 1 0 0 0 1 0 0 0 1 1 1 0 0 0 0 0 1 1 1 0 0 0 2 0 0 0 0 0 0 1 2 0 0 0 1 0 1 0 0 2 1 1 0 0 1 0 1 0 1 0 2 0 0 0 0 1 0 0 0 1 1 2 0 


Extra PV Offset = 90156

Number of Extra PV's = 0.

